school_name,year,school_unique_ID,number_of_students,crimes_noncampus_murder_non_negligent_manslaughter,crimes_noncampus_negligent_manslaughter,crimes_noncampus_sex_offenses_forcible,crimes_noncampus_rape,crimes_noncampus_fondling,crimes_noncampus_sex_offenses_non_forcible,crimes_noncampus_incest,crimes_noncampus_statutory_rape,crimes_noncampus_robbery,crimes_noncampus_aggravated_assault,crimes_noncampus_burglary,crimes_noncampus_motor_vehicle_theft,crimes_noncampus_arson,crimes_noncampus_sex_offenses_total,crimes_noncampus_total,arrests_noncampus_illegal_weapons_possession,arrests_noncampus_drug_law_violations,arrests_noncampus_liquor_law_violations,arrests_noncampus_total,discipline_noncampus_illegal_weapons_possession,discipline_noncampus_drug_law_violations,discipline_noncampus_liquor_law_violations,discipline_noncampus_total,hate_noncampus_murder_non_negligent_manslaughter,hate_noncampus_murder_non_negligent_manslaughter_race,hate_noncampus_murder_non_negligent_manslaughter_religion,hate_noncampus_murder_non_negligent_manslaughter_sexual_orientation,hate_noncampus_murder_non_negligent_manslaughter_gender,hate_noncampus_murder_non_negligent_manslaughter_gender_identity,hate_noncampus_murder_non_negligent_manslaughter_disability,hate_noncampus_murder_non_negligent_manslaughter_ethnicity_national_origin,hate_noncampus_murder_non_negligent_manslaughter_ethnicity,hate_noncampus_murder_non_negligent_manslaughter_national_origin,hate_noncampus_sex_offenses_forcible,hate_noncampus_sex_offenses_forcible_race,hate_noncampus_sex_offenses_forcible_religion,hate_noncampus_sex_offenses_forcible_sexual_orientation,hate_noncampus_sex_offenses_forcible_gender,hate_noncampus_sex_offenses_forcible_disability,hate_noncampus_sex_offenses_forcible_ethnicity_national_origin,hate_noncampus_sex_offenses_non_forcible,hate_noncampus_sex_offenses_non_forcible_race,hate_noncampus_sex_offenses_non_forcible_religion,hate_noncampus_sex_offenses_non_forcible_sexual_orientation,hate_noncampus_sex_offenses_non_forcible_gender,hate_noncampus_sex_offenses_non_forcible_disability,hate_noncampus_sex_offenses_non_forcible_ethnicity_national_origin,hate_noncampus_rape,hate_noncampus_rape_race,hate_noncampus_rape_religion,hate_noncampus_rape_sexual_orientation,hate_noncampus_rape_gender,hate_noncampus_rape_gender_identity,hate_noncampus_rape_disability,hate_noncampus_rape_ethnicity,hate_noncampus_rape_national_origin,hate_noncampus_fondling,hate_noncampus_fondling_race,hate_noncampus_fondling_religion,hate_noncampus_fondling_sexual_orientation,hate_noncampus_fondling_gender,hate_noncampus_fondling_gender_identity,hate_noncampus_fondling_disability,hate_noncampus_fondling_ethnicity,hate_noncampus_fondling_national_origin,hate_noncampus_incest,hate_noncampus_incest_race,hate_noncampus_incest_religion,hate_noncampus_incest_sexual_orientation,hate_noncampus_incest_gender,hate_noncampus_incest_gender_identity,hate_noncampus_incest_disability,hate_noncampus_incest_ethnicity,hate_noncampus_incest_national_origin,hate_noncampus_statutory_rape,hate_noncampus_statutory_rape_race,hate_noncampus_statutory_rape_religion,hate_noncampus_statutory_rape_sexual_orientation,hate_noncampus_statutory_rape_gender,hate_noncampus_statutory_rape_gender_identity,hate_noncampus_statutory_rape_disability,hate_noncampus_statutory_rape_ethnicity,hate_noncampus_statutory_rape_national_origin,hate_noncampus_robbery,hate_noncampus_robbery_race,hate_noncampus_robbery_religion,hate_noncampus_robbery_sexual_orientation,hate_noncampus_robbery_gender,hate_noncampus_robbery_gender_identity,hate_noncampus_robbery_disability,hate_noncampus_robbery_ethnicity_national_origin,hate_noncampus_robbery_ethnicity,hate_noncampus_robbery_national_origin,hate_noncampus_aggravated_assault,hate_noncampus_aggravated_assault_race,hate_noncampus_aggravated_assault_religion,hate_noncampus_aggravated_assault_sexual_orientation,hate_noncampus_aggravated_assault_gender,hate_noncampus_aggravated_assault_gender_identity,hate_noncampus_aggravated_assault_disability,hate_noncampus_aggravated_assault_ethnicity_national_origin,hate_noncampus_aggravated_assault_ethnicity,hate_noncampus_aggravated_assault_national_origin,hate_noncampus_burglary,hate_noncampus_burglary_race,hate_noncampus_burglary_religion,hate_noncampus_burglary_sexual_orientation,hate_noncampus_burglary_gender,hate_noncampus_burglary_gender_identity,hate_noncampus_burglary_disability,hate_noncampus_burglary_ethnicity_national_origin,hate_noncampus_burglary_ethnicity,hate_noncampus_burglary_national_origin,hate_noncampus_motor_vehicle_theft,hate_noncampus_motor_vehicle_theft_race,hate_noncampus_motor_vehicle_theft_religion,hate_noncampus_motor_vehicle_theft_sexual_orientation,hate_noncampus_motor_vehicle_theft_gender,hate_noncampus_motor_vehicle_theft_gender_identity,hate_noncampus_motor_vehicle_theft_disability,hate_noncampus_motor_vehicle_theft_ethnicity_national_origin,hate_noncampus_motor_vehicle_theft_ethnicity,hate_noncampus_motor_vehicle_theft_national_origin,hate_noncampus_arson,hate_noncampus_arson_race,hate_noncampus_arson_religion,hate_noncampus_arson_sexual_orientation,hate_noncampus_arson_gender,hate_noncampus_arson_gender_identity,hate_noncampus_arson_disability,hate_noncampus_arson_ethnicity_national_origin,hate_noncampus_arson_ethnicity,hate_noncampus_arson_national_origin,hate_noncampus_simple_assault,hate_noncampus_simple_assault_race,hate_noncampus_simple_assault_religion,hate_noncampus_simple_assault_sexual_orientation,hate_noncampus_simple_assault_gender,hate_noncampus_simple_assault_gender_identity,hate_noncampus_simple_assault_disability,hate_noncampus_simple_assault_ethnicity_national_origin,hate_noncampus_simple_assault_ethnicity,hate_noncampus_simple_assault_national_origin,hate_noncampus_larceny_theft,hate_noncampus_larceny_theft_race,hate_noncampus_larceny_theft_religion,hate_noncampus_larceny_theft_sexual_orientation,hate_noncampus_larceny_theft_gender,hate_noncampus_larceny_theft_gender_identity,hate_noncampus_larceny_theft_disability,hate_noncampus_larceny_theft_ethnicity_national_origin,hate_noncampus_larceny_theft_ethnicity,hate_noncampus_larceny_theft_national_origin,hate_noncampus_intimidation,hate_noncampus_intimidation_race,hate_noncampus_intimidation_religion,hate_noncampus_intimidation_sexual_orientation,hate_noncampus_intimidation_gender,hate_noncampus_intimidation_gender_identity,hate_noncampus_intimidation_disability,hate_noncampus_intimidation_ethnicity_national_origin,hate_noncampus_intimidation_ethnicity,hate_noncampus_intimidation_national_origin,hate_noncampus_destruction_damage_vandalism_of_property,hate_noncampus_destruction_damage_vandalism_of_property_race,hate_noncampus_destruction_damage_vandalism_of_property_religion,hate_noncampus_destruction_damage_vandalism_of_property_sexual_orientation,hate_noncampus_destruction_damage_vandalism_of_property_gender,hate_noncampus_destruction_damage_vandalism_of_property_gender_identity,hate_noncampus_destruction_damage_vandalism_of_property_disability,hate_noncampus_destruction_damage_vandalism_of_property_ethnicity_national_origin,hate_noncampus_destruction_damage_vandalism_of_property_ethnicity,hate_noncampus_destruction_damage_vandalism_of_property_national_origin,hate_noncampus_sex_offenses_total,hate_noncampus_sex_offenses_total_race,hate_noncampus_sex_offenses_total_religion,hate_noncampus_sex_offenses_total_sexual_orientation,hate_noncampus_sex_offenses_total_gender,hate_noncampus_sex_offenses_forcible_gender_identity,hate_noncampus_sex_offenses_non_forcible_gender_identity,hate_noncampus_sex_offenses_total_gender_identity,hate_noncampus_sex_offenses_total_disability,hate_noncampus_rape_ethnicity_national_origin,hate_noncampus_fondling_ethnicity_national_origin,hate_noncampus_incest_ethnicity_national_origin,hate_noncampus_statutory_rape_ethnicity_national_origin,hate_noncampus_sex_offenses_total_ethnicity_national_origin,hate_noncampus_sex_offenses_forcible_ethnicity,hate_noncampus_sex_offenses_non_forcible_ethnicity,hate_noncampus_sex_offenses_total_ethnicity,hate_noncampus_sex_offenses_forcible_national_origin,hate_noncampus_sex_offenses_non_forcible_national_origin,hate_noncampus_sex_offenses_total_national_origin,hate_noncampus_total,hate_noncampus_total_race,hate_noncampus_total_religion,hate_noncampus_total_sexual_orientation,hate_noncampus_total_gender,hate_noncampus_total_gender_identity,hate_noncampus_total_disability,hate_noncampus_total_ethnicity_national_origin,hate_noncampus_total_ethnicity,hate_noncampus_total_national_origin,vawa_noncampus_domestic_violence,vawa_noncampus_dating_violence,vawa_noncampus_stalking,vawa_noncampus_total,crimes_on_campus_murder_non_negligent_manslaughter,crimes_on_campus_negligent_manslaughter,crimes_on_campus_sex_offenses_forcible,crimes_on_campus_rape,crimes_on_campus_fondling,crimes_on_campus_sex_offenses_non_forcible,crimes_on_campus_incest,crimes_on_campus_statutory_rape,crimes_on_campus_robbery,crimes_on_campus_aggravated_assault,crimes_on_campus_burglary,crimes_on_campus_motor_vehicle_theft,crimes_on_campus_arson,crimes_on_campus_student_housing_facilities_murder_non_negligent_manslaughter,crimes_on_campus_student_housing_facilities_negligent_manslaughter,crimes_on_campus_student_housing_facilities_sex_offenses_forcible,crimes_on_campus_student_housing_facilities_rape,crimes_on_campus_student_housing_facilities_fondling,crimes_on_campus_student_housing_facilities_sex_offenses_non_forcible,crimes_on_campus_student_housing_facilities_incest,crimes_on_campus_student_housing_facilities_statutory_rape,crimes_on_campus_student_housing_facilities_robbery,crimes_on_campus_student_housing_facilities_aggravated_assault,crimes_on_campus_student_housing_facilities_burglary,crimes_on_campus_student_housing_facilities_motor_vehicle_theft,crimes_on_campus_student_housing_facilities_arson,crimes_on_campus_sex_offenses_total,crimes_on_campus_student_housing_facilities_sex_offenses_total,crimes_on_campus_total,crimes_on_campus_student_housing_facilities_total,arrests_on_campus_illegal_weapons_possession,arrests_on_campus_drug_law_violations,arrests_on_campus_liquor_law_violations,arrests_on_campus_student_housing_facilities_illegal_weapons_possession,arrests_on_campus_student_housing_facilities_drug_law_violations,arrests_on_campus_student_housing_facilities_liquor_law_violations,arrests_on_campus_total,arrests_on_campus_student_housing_facilities_total,discipline_on_campus_illegal_weapons_possession,discipline_on_campus_drug_law_violations,discipline_on_campus_liquor_law_violations,discipline_on_campus_student_housing_facilities_illegal_weapons_possession,discipline_on_campus_student_housing_facilities_drug_law_violations,discipline_on_campus_student_housing_facilities_liquor_law_violations,discipline_on_campus_total,discipline_on_campus_student_housing_facilities_total,hate_on_campus_murder_non_negligent_manslaughter,hate_on_campus_murder_non_negligent_manslaughter_race,hate_on_campus_murder_non_negligent_manslaughter_religion,hate_on_campus_murder_non_negligent_manslaughter_sexual_orientation,hate_on_campus_murder_non_negligent_manslaughter_gender,hate_on_campus_murder_non_negligent_manslaughter_gender_identity,hate_on_campus_murder_non_negligent_manslaughter_disability,hate_on_campus_murder_non_negligent_manslaughter_ethnicity_national_origin,hate_on_campus_murder_non_negligent_manslaughter_ethnicity,hate_on_campus_murder_non_negligent_manslaughter_national_origin,hate_on_campus_sex_offenses_forcible,hate_on_campus_sex_offenses_forcible_race,hate_on_campus_sex_offenses_forcible_religion,hate_on_campus_sex_offenses_forcible_sexual_orientation,hate_on_campus_sex_offenses_forcible_gender,hate_on_campus_sex_offenses_forcible_disability,hate_on_campus_sex_offenses_forcible_ethnicity_national_origin,hate_on_campus_sex_offenses_non_forcible,hate_on_campus_sex_offenses_non_forcible_race,hate_on_campus_sex_offenses_non_forcible_religion,hate_on_campus_sex_offenses_non_forcible_sexual_orientation,hate_on_campus_sex_offenses_non_forcible_gender,hate_on_campus_sex_offenses_non_forcible_disability,hate_on_campus_sex_offenses_non_forcible_ethnicity_national_origin,hate_on_campus_rape,hate_on_campus_rape_race,hate_on_campus_rape_religion,hate_on_campus_rape_sexual_orientation,hate_on_campus_rape_gender,hate_on_campus_rape_gender_identity,hate_on_campus_rape_disability,hate_on_campus_rape_ethnicity,hate_on_campus_rape_national_origin,hate_on_campus_fondling,hate_on_campus_fondling_race,hate_on_campus_fondling_religion,hate_on_campus_fondling_sexual_orientation,hate_on_campus_fondling_gender,hate_on_campus_fondling_gender_identity,hate_on_campus_fondling_disability,hate_on_campus_fondling_ethnicity,hate_on_campus_fondling_national_origin,hate_on_campus_incest,hate_on_campus_incest_race,hate_on_campus_incest_religion,hate_on_campus_incest_sexual_orientation,hate_on_campus_incest_gender,hate_on_campus_incest_gender_identity,hate_on_campus_incest_disability,hate_on_campus_incest_ethnicity,hate_on_campus_incest_national_origin,hate_on_campus_statutory_rape,hate_on_campus_statutory_rape_race,hate_on_campus_statutory_rape_religion,hate_on_campus_statutory_rape_sexual_orientation,hate_on_campus_statutory_rape_gender,hate_on_campus_statutory_rape_gender_identity,hate_on_campus_statutory_rape_disability,hate_on_campus_statutory_rape_ethnicity,hate_on_campus_statutory_rape_national_origin,hate_on_campus_robbery,hate_on_campus_robbery_race,hate_on_campus_robbery_religion,hate_on_campus_robbery_sexual_orientation,hate_on_campus_robbery_gender,hate_on_campus_robbery_gender_identity,hate_on_campus_robbery_disability,hate_on_campus_robbery_ethnicity_national_origin,hate_on_campus_robbery_ethnicity,hate_on_campus_robbery_national_origin,hate_on_campus_aggravated_assault,hate_on_campus_aggravated_assault_race,hate_on_campus_aggravated_assault_religion,hate_on_campus_aggravated_assault_sexual_orientation,hate_on_campus_aggravated_assault_gender,hate_on_campus_aggravated_assault_gender_identity,hate_on_campus_aggravated_assault_disability,hate_on_campus_aggravated_assault_ethnicity_national_origin,hate_on_campus_aggravated_assault_ethnicity,hate_on_campus_aggravated_assault_national_origin,hate_on_campus_burglary,hate_on_campus_burglary_race,hate_on_campus_burglary_religion,hate_on_campus_burglary_sexual_orientation,hate_on_campus_burglary_gender,hate_on_campus_burglary_gender_identity,hate_on_campus_burglary_disability,hate_on_campus_burglary_ethnicity_national_origin,hate_on_campus_burglary_ethnicity,hate_on_campus_burglary_national_origin,hate_on_campus_motor_vehicle_theft,hate_on_campus_motor_vehicle_theft_race,hate_on_campus_motor_vehicle_theft_religion,hate_on_campus_motor_vehicle_theft_sexual_orientation,hate_on_campus_motor_vehicle_theft_gender,hate_on_campus_motor_vehicle_theft_gender_identity,hate_on_campus_motor_vehicle_theft_disability,hate_on_campus_motor_vehicle_theft_ethnicity_national_origin,hate_on_campus_motor_vehicle_theft_ethnicity,hate_on_campus_motor_vehicle_theft_national_origin,hate_on_campus_arson,hate_on_campus_arson_race,hate_on_campus_arson_religion,hate_on_campus_arson_sexual_orientation,hate_on_campus_arson_gender,hate_on_campus_arson_gender_identity,hate_on_campus_arson_disability,hate_on_campus_arson_ethnicity_national_origin,hate_on_campus_arson_ethnicity,hate_on_campus_arson_national_origin,hate_on_campus_simple_assault,hate_on_campus_simple_assault_race,hate_on_campus_simple_assault_religion,hate_on_campus_simple_assault_sexual_orientation,hate_on_campus_simple_assault_gender,hate_on_campus_simple_assault_gender_identity,hate_on_campus_simple_assault_disability,hate_on_campus_simple_assault_ethnicity_national_origin,hate_on_campus_simple_assault_ethnicity,hate_on_campus_simple_assault_national_origin,hate_on_campus_larceny_theft,hate_on_campus_larceny_theft_race,hate_on_campus_larceny_theft_religion,hate_on_campus_larceny_theft_sexual_orientation,hate_on_campus_larceny_theft_gender,hate_on_campus_larceny_theft_gender_identity,hate_on_campus_larceny_theft_disability,hate_on_campus_larceny_theft_ethnicity_national_origin,hate_on_campus_larceny_theft_ethnicity,hate_on_campus_larceny_theft_national_origin,hate_on_campus_intimidation,hate_on_campus_intimidation_race,hate_on_campus_intimidation_religion,hate_on_campus_intimidation_sexual_orientation,hate_on_campus_intimidation_gender,hate_on_campus_intimidation_gender_identity,hate_on_campus_intimidation_disability,hate_on_campus_intimidation_ethnicity_national_origin,hate_on_campus_intimidation_ethnicity,hate_on_campus_intimidation_national_origin,hate_on_campus_destruction_damage_vandalism_of_property,hate_on_campus_destruction_damage_vandalism_of_property_race,hate_on_campus_destruction_damage_vandalism_of_property_religion,hate_on_campus_destruction_damage_vandalism_of_property_sexual_orientation,hate_on_campus_destruction_damage_vandalism_of_property_gender,hate_on_campus_destruction_damage_vandalism_of_property_gender_identity,hate_on_campus_destruction_damage_vandalism_of_property_disability,hate_on_campus_destruction_damage_vandalism_of_property_ethnicity_national_origin,hate_on_campus_destruction_damage_vandalism_of_property_ethnicity,hate_on_campus_destruction_damage_vandalism_of_property_national_origin,hate_on_campus_student_housing_facilities_murder_non_negligent_manslaughter,hate_on_campus_student_housing_facilities_murder_non_negligent_manslaughter_race,hate_on_campus_student_housing_facilities_murder_non_negligent_manslaughter_religion,hate_on_campus_student_housing_facilities_murder_non_negligent_manslaughter_sexual_orientation,hate_on_campus_student_housing_facilities_murder_non_negligent_manslaughter_gender,hate_on_campus_student_housing_facilities_murder_non_negligent_manslaughter_gender_identity,hate_on_campus_student_housing_facilities_murder_non_negligent_manslaughter_disability,hate_on_campus_student_housing_facilities_murder_non_negligent_manslaughter_ethnicity_national_origin,hate_on_campus_student_housing_facilities_murder_non_negligent_manslaughter_ethnicity,hate_on_campus_student_housing_facilities_murder_non_negligent_manslaughter_national_origin,hate_on_campus_student_housing_facilities_sex_offenses_forcible,hate_on_campus_student_housing_facilities_sex_offenses_forcible_race,hate_on_campus_student_housing_facilities_sex_offenses_forcible_religion,hate_on_campus_student_housing_facilities_sex_offenses_forcible_sexual_orientation,hate_on_campus_student_housing_facilities_sex_offenses_forcible_gender,hate_on_campus_student_housing_facilities_sex_offenses_forcible_disability,hate_on_campus_student_housing_facilities_sex_offenses_forcible_ethnicity_national_origin,hate_on_campus_student_housing_facilities_sex_offenses_non_forcible,hate_on_campus_student_housing_facilities_sex_offenses_non_forcible_race,hate_on_campus_student_housing_facilities_sex_offenses_non_forcible_religion,hate_on_campus_student_housing_facilities_sex_offenses_non_forcible_sexual_orientation,hate_on_campus_student_housing_facilities_sex_offenses_non_forcible_gender,hate_on_campus_student_housing_facilities_sex_offenses_non_forcible_disability,hate_on_campus_student_housing_facilities_sex_offenses_non_forcible_ethnicity_national_origin,hate_on_campus_student_housing_facilities_rape,hate_on_campus_student_housing_facilities_rape_race,hate_on_campus_student_housing_facilities_rape_religion,hate_on_campus_student_housing_facilities_rape_sexual_orientation,hate_on_campus_student_housing_facilities_rape_gender,hate_on_campus_student_housing_facilities_rape_gender_identity,hate_on_campus_student_housing_facilities_rape_disability,hate_on_campus_student_housing_facilities_rape_ethnicity,hate_on_campus_student_housing_facilities_rape_national_origin,hate_on_campus_student_housing_facilities_fondling,hate_on_campus_student_housing_facilities_fondling_race,hate_on_campus_student_housing_facilities_fondling_religion,hate_on_campus_student_housing_facilities_fondling_sexual_orientation,hate_on_campus_student_housing_facilities_fondling_gender,hate_on_campus_student_housing_facilities_fondling_gender_identity,hate_on_campus_student_housing_facilities_fondling_disability,hate_on_campus_student_housing_facilities_fondling_ethnicity,hate_on_campus_student_housing_facilities_fondling_national_origin,hate_on_campus_student_housing_facilities_incest,hate_on_campus_student_housing_facilities_incest_race,hate_on_campus_student_housing_facilities_incest_religion,hate_on_campus_student_housing_facilities_incest_sexual_orientation,hate_on_campus_student_housing_facilities_incest_gender,hate_on_campus_student_housing_facilities_incest_gender_identity,hate_on_campus_student_housing_facilities_incest_disability,hate_on_campus_student_housing_facilities_incest_ethnicity,hate_on_campus_student_housing_facilities_incest_national_origin,hate_on_campus_student_housing_facilities_statutory_rape,hate_on_campus_student_housing_facilities_statutory_rape_race,hate_on_campus_student_housing_facilities_statutory_rape_religion,hate_on_campus_student_housing_facilities_statutory_rape_sexual_orientation,hate_on_campus_student_housing_facilities_statutory_rape_gender,hate_on_campus_student_housing_facilities_statutory_rape_gender_identity,hate_on_campus_student_housing_facilities_statutory_rape_disability,hate_on_campus_student_housing_facilities_statutory_rape_ethnicity,hate_on_campus_student_housing_facilities_statutory_rape_national_origin,hate_on_campus_student_housing_facilities_robbery,hate_on_campus_student_housing_facilities_robbery_race,hate_on_campus_student_housing_facilities_robbery_religion,hate_on_campus_student_housing_facilities_robbery_sexual_orientation,hate_on_campus_student_housing_facilities_robbery_gender,hate_on_campus_student_housing_facilities_robbery_gender_identity,hate_on_campus_student_housing_facilities_robbery_disability,hate_on_campus_student_housing_facilities_robbery_ethnicity_national_origin,hate_on_campus_student_housing_facilities_robbery_ethnicity,hate_on_campus_student_housing_facilities_robbery_national_origin,hate_on_campus_student_housing_facilities_aggravated_assault,hate_on_campus_student_housing_facilities_aggravated_assault_race,hate_on_campus_student_housing_facilities_aggravated_assault_religion,hate_on_campus_student_housing_facilities_aggravated_assault_sexual_orientation,hate_on_campus_student_housing_facilities_aggravated_assault_gender,hate_on_campus_student_housing_facilities_aggravated_assault_gender_identity,hate_on_campus_student_housing_facilities_aggravated_assault_disability,hate_on_campus_student_housing_facilities_aggravated_assault_ethnicity_national_origin,hate_on_campus_student_housing_facilities_aggravated_assault_ethnicity,hate_on_campus_student_housing_facilities_aggravated_assault_national_origin,hate_on_campus_student_housing_facilities_burglary,hate_on_campus_student_housing_facilities_burglary_race,hate_on_campus_student_housing_facilities_burglary_religion,hate_on_campus_student_housing_facilities_burglary_sexual_orientation,hate_on_campus_student_housing_facilities_burglary_gender,hate_on_campus_student_housing_facilities_burglary_gender_identity,hate_on_campus_student_housing_facilities_burglary_disability,hate_on_campus_student_housing_facilities_burglary_ethnicity_national_origin,hate_on_campus_student_housing_facilities_burglary_ethnicity,hate_on_campus_student_housing_facilities_burglary_national_origin,hate_on_campus_student_housing_facilities_motor_vehicle_theft,hate_on_campus_student_housing_facilities_motor_vehicle_theft_race,hate_on_campus_student_housing_facilities_motor_vehicle_theft_religion,hate_on_campus_student_housing_facilities_motor_vehicle_theft_sexual_orientation,hate_on_campus_student_housing_facilities_motor_vehicle_theft_gender,hate_on_campus_student_housing_facilities_motor_vehicle_theft_gender_identity,hate_on_campus_student_housing_facilities_motor_vehicle_theft_disability,hate_on_campus_student_housing_facilities_motor_vehicle_theft_ethnicity_national_origin,hate_on_campus_student_housing_facilities_motor_vehicle_theft_ethnicity,hate_on_campus_student_housing_facilities_motor_vehicle_theft_national_origin,hate_on_campus_student_housing_facilities_arson,hate_on_campus_student_housing_facilities_arson_race,hate_on_campus_student_housing_facilities_arson_religion,hate_on_campus_student_housing_facilities_arson_sexual_orientation,hate_on_campus_student_housing_facilities_arson_gender,hate_on_campus_student_housing_facilities_arson_gender_identity,hate_on_campus_student_housing_facilities_arson_disability,hate_on_campus_student_housing_facilities_arson_ethnicity_national_origin,hate_on_campus_student_housing_facilities_arson_ethnicity,hate_on_campus_student_housing_facilities_arson_national_origin,hate_on_campus_student_housing_facilities_simple_assault,hate_on_campus_student_housing_facilities_simple_assault_race,hate_on_campus_student_housing_facilities_simple_assault_religion,hate_on_campus_student_housing_facilities_simple_assault_sexual_orientation,hate_on_campus_student_housing_facilities_simple_assault_gender,hate_on_campus_student_housing_facilities_simple_assault_gender_identity,hate_on_campus_student_housing_facilities_simple_assault_disability,hate_on_campus_student_housing_facilities_simple_assault_ethnicity_national_origin,hate_on_campus_student_housing_facilities_simple_assault_ethnicity,hate_on_campus_student_housing_facilities_simple_assault_national_origin,hate_on_campus_student_housing_facilities_larceny_theft,hate_on_campus_student_housing_facilities_larceny_theft_race,hate_on_campus_student_housing_facilities_larceny_theft_religion,hate_on_campus_student_housing_facilities_larceny_theft_sexual_orientation,hate_on_campus_student_housing_facilities_larceny_theft_gender,hate_on_campus_student_housing_facilities_larceny_theft_gender_identity,hate_on_campus_student_housing_facilities_larceny_theft_disability,hate_on_campus_student_housing_facilities_larceny_theft_ethnicity_national_origin,hate_on_campus_student_housing_facilities_larceny_theft_ethnicity,hate_on_campus_student_housing_facilities_larceny_theft_national_origin,hate_on_campus_student_housing_facilities_intimidation,hate_on_campus_student_housing_facilities_intimidation_race,hate_on_campus_student_housing_facilities_intimidation_religion,hate_on_campus_student_housing_facilities_intimidation_sexual_orientation,hate_on_campus_student_housing_facilities_intimidation_gender,hate_on_campus_student_housing_facilities_intimidation_gender_identity,hate_on_campus_student_housing_facilities_intimidation_disability,hate_on_campus_student_housing_facilities_intimidation_ethnicity_national_origin,hate_on_campus_student_housing_facilities_intimidation_ethnicity,hate_on_campus_student_housing_facilities_intimidation_national_origin,hate_on_campus_student_housing_facilities_destruction_damage_vandalism_of_property,hate_on_campus_student_housing_facilities_destruction_damage_vandalism_of_property_race,hate_on_campus_student_housing_facilities_destruction_damage_vandalism_of_property_religion,hate_on_campus_student_housing_facilities_destruction_damage_vandalism_of_property_sexual_orientation,hate_on_campus_student_housing_facilities_destruction_damage_vandalism_of_property_gender,hate_on_campus_student_housing_facilities_destruction_damage_vandalism_of_property_gender_identity,hate_on_campus_student_housing_facilities_destruction_damage_vandalism_of_property_disability,hate_on_campus_student_housing_facilities_destruction_damage_vandalism_of_property_ethnicity_national_origin,hate_on_campus_student_housing_facilities_destruction_damage_vandalism_of_property_ethnicity,hate_on_campus_student_housing_facilities_destruction_damage_vandalism_of_property_national_origin,hate_on_campus_sex_offenses_total,hate_on_campus_student_housing_facilities_sex_offenses_total,hate_on_campus_sex_offenses_total_race,hate_on_campus_student_housing_facilities_sex_offenses_total_race,hate_on_campus_sex_offenses_total_religion,hate_on_campus_student_housing_facilities_sex_offenses_total_religion,hate_on_campus_sex_offenses_total_sexual_orientation,hate_on_campus_student_housing_facilities_sex_offenses_total_sexual_orientation,hate_on_campus_sex_offenses_total_gender,hate_on_campus_student_housing_facilities_sex_offenses_total_gender,hate_on_campus_sex_offenses_forcible_gender_identity,hate_on_campus_sex_offenses_non_forcible_gender_identity,hate_on_campus_sex_offenses_total_gender_identity,hate_on_campus_student_housing_facilities_sex_offenses_forcible_gender_identity,hate_on_campus_student_housing_facilities_sex_offenses_non_forcible_gender_identity,hate_on_campus_student_housing_facilities_sex_offenses_total_gender_identity,hate_on_campus_sex_offenses_total_disability,hate_on_campus_student_housing_facilities_sex_offenses_total_disability,hate_on_campus_rape_ethnicity_national_origin,hate_on_campus_fondling_ethnicity_national_origin,hate_on_campus_incest_ethnicity_national_origin,hate_on_campus_statutory_rape_ethnicity_national_origin,hate_on_campus_sex_offenses_total_ethnicity_national_origin,hate_on_campus_student_housing_facilities_rape_ethnicity_national_origin,hate_on_campus_student_housing_facilities_fondling_ethnicity_national_origin,hate_on_campus_student_housing_facilities_incest_ethnicity_national_origin,hate_on_campus_student_housing_facilities_statutory_rape_ethnicity_national_origin,hate_on_campus_student_housing_facilities_sex_offenses_total_ethnicity_national_origin,hate_on_campus_sex_offenses_forcible_ethnicity,hate_on_campus_sex_offenses_non_forcible_ethnicity,hate_on_campus_sex_offenses_total_ethnicity,hate_on_campus_student_housing_facilities_sex_offenses_forcible_ethnicity,hate_on_campus_student_housing_facilities_sex_offenses_non_forcible_ethnicity,hate_on_campus_student_housing_facilities_sex_offenses_total_ethnicity,hate_on_campus_sex_offenses_forcible_national_origin,hate_on_campus_sex_offenses_non_forcible_national_origin,hate_on_campus_sex_offenses_total_national_origin,hate_on_campus_student_housing_facilities_sex_offenses_forcible_national_origin,hate_on_campus_student_housing_facilities_sex_offenses_non_forcible_national_origin,hate_on_campus_student_housing_facilities_sex_offenses_total_national_origin,hate_on_campus_total,hate_on_campus_student_housing_facilities_total,hate_on_campus_total_race,hate_on_campus_student_housing_facilities_total_race,hate_on_campus_total_religion,hate_on_campus_student_housing_facilities_total_religion,hate_on_campus_total_sexual_orientation,hate_on_campus_student_housing_facilities_total_sexual_orientation,hate_on_campus_total_gender,hate_on_campus_student_housing_facilities_total_gender,hate_on_campus_total_gender_identity,hate_on_campus_student_housing_facilities_total_gender_identity,hate_on_campus_total_disability,hate_on_campus_student_housing_facilities_total_disability,hate_on_campus_total_ethnicity_national_origin,hate_on_campus_student_housing_facilities_total_ethnicity_national_origin,hate_on_campus_total_ethnicity,hate_on_campus_student_housing_facilities_total_ethnicity,hate_on_campus_total_national_origin,hate_on_campus_student_housing_facilities_total_national_origin,vawa_on_campus_domestic_violence,vawa_on_campus_dating_violence,vawa_on_campus_stalking,vawa_on_campus_student_housing_facilities_domestic_violence,vawa_on_campus_student_housing_facilities_dating_violence,vawa_on_campus_student_housing_facilities_stalking,vawa_on_campus_total,vawa_on_campus_student_housing_facilities_total,crimes_public_property_murder_non_negligent_manslaughter,crimes_public_property_negligent_manslaughter,crimes_public_property_sex_offenses_forcible,crimes_public_property_rape,crimes_public_property_fondling,crimes_public_property_sex_offenses_non_forcible,crimes_public_property_incest,crimes_public_property_statutory_rape,crimes_public_property_robbery,crimes_public_property_aggravated_assault,crimes_public_property_burglary,crimes_public_property_motor_vehicle_theft,crimes_public_property_arson,crimes_public_property_sex_offenses_total,crimes_public_property_total,arrests_public_property_illegal_weapons_possession,arrests_public_property_drug_law_violations,arrests_public_property_liquor_law_violations,arrests_public_property_total,discipline_public_property_illegal_weapons_possession,discipline_public_property_drug_law_violations,discipline_public_property_liquor_law_violations,discipline_public_property_total,hate_public_property_murder_non_negligent_manslaughter,hate_public_property_murder_non_negligent_manslaughter_race,hate_public_property_murder_non_negligent_manslaughter_religion,hate_public_property_murder_non_negligent_manslaughter_sexual_orientation,hate_public_property_murder_non_negligent_manslaughter_gender,hate_public_property_murder_non_negligent_manslaughter_gender_identity,hate_public_property_murder_non_negligent_manslaughter_disability,hate_public_property_murder_non_negligent_manslaughter_ethnicity_national_origin,hate_public_property_murder_non_negligent_manslaughter_ethnicity,hate_public_property_murder_non_negligent_manslaughter_national_origin,hate_public_property_sex_offenses_forcible,hate_public_property_sex_offenses_forcible_race,hate_public_property_sex_offenses_forcible_religion,hate_public_property_sex_offenses_forcible_sexual_orientation,hate_public_property_sex_offenses_forcible_gender,hate_public_property_sex_offenses_forcible_disability,hate_public_property_sex_offenses_forcible_ethnicity_national_origin,hate_public_property_sex_offenses_non_forcible,hate_public_property_sex_offenses_non_forcible_race,hate_public_property_sex_offenses_non_forcible_religion,hate_public_property_sex_offenses_non_forcible_sexual_orientation,hate_public_property_sex_offenses_non_forcible_gender,hate_public_property_sex_offenses_non_forcible_disability,hate_public_property_sex_offenses_non_forcible_ethnicity_national_origin,hate_public_property_rape,hate_public_property_rape_race,hate_public_property_rape_religion,hate_public_property_rape_sexual_orientation,hate_public_property_rape_gender,hate_public_property_rape_gender_identity,hate_public_property_rape_disability,hate_public_property_rape_ethnicity,hate_public_property_rape_national_origin,hate_public_property_fondling,hate_public_property_fondling_race,hate_public_property_fondling_religion,hate_public_property_fondling_sexual_orientation,hate_public_property_fondling_gender,hate_public_property_fondling_gender_identity,hate_public_property_fondling_disability,hate_public_property_fondling_ethnicity,hate_public_property_fondling_national_origin,hate_public_property_incest,hate_public_property_incest_race,hate_public_property_incest_religion,hate_public_property_incest_sexual_orientation,hate_public_property_incest_gender,hate_public_property_incest_gender_identity,hate_public_property_incest_disability,hate_public_property_incest_ethnicity,hate_public_property_incest_national_origin,hate_public_property_statutory_rape,hate_public_property_statutory_rape_race,hate_public_property_statutory_rape_religion,hate_public_property_statutory_rape_sexual_orientation,hate_public_property_statutory_rape_gender,hate_public_property_statutory_rape_gender_identity,hate_public_property_statutory_rape_disability,hate_public_property_statutory_rape_ethnicity,hate_public_property_statutory_rape_national_origin,hate_public_property_robbery,hate_public_property_robbery_race,hate_public_property_robbery_religion,hate_public_property_robbery_sexual_orientation,hate_public_property_robbery_gender,hate_public_property_robbery_gender_identity,hate_public_property_robbery_disability,hate_public_property_robbery_ethnicity_national_origin,hate_public_property_robbery_ethnicity,hate_public_property_robbery_national_origin,hate_public_property_aggravated_assault,hate_public_property_aggravated_assault_race,hate_public_property_aggravated_assault_religion,hate_public_property_aggravated_assault_sexual_orientation,hate_public_property_aggravated_assault_gender,hate_public_property_aggravated_assault_gender_identity,hate_public_property_aggravated_assault_disability,hate_public_property_aggravated_assault_ethnicity_national_origin,hate_public_property_aggravated_assault_ethnicity,hate_public_property_aggravated_assault_national_origin,hate_public_property_burglary,hate_public_property_burglary_race,hate_public_property_burglary_religion,hate_public_property_burglary_sexual_orientation,hate_public_property_burglary_gender,hate_public_property_burglary_gender_identity,hate_public_property_burglary_disability,hate_public_property_burglary_ethnicity_national_origin,hate_public_property_burglary_ethnicity,hate_public_property_burglary_national_origin,hate_public_property_motor_vehicle_theft,hate_public_property_motor_vehicle_theft_race,hate_public_property_motor_vehicle_theft_religion,hate_public_property_motor_vehicle_theft_sexual_orientation,hate_public_property_motor_vehicle_theft_gender,hate_public_property_motor_vehicle_theft_gender_identity,hate_public_property_motor_vehicle_theft_disability,hate_public_property_motor_vehicle_theft_ethnicity_national_origin,hate_public_property_motor_vehicle_theft_ethnicity,hate_public_property_motor_vehicle_theft_national_origin,hate_public_property_arson,hate_public_property_arson_race,hate_public_property_arson_religion,hate_public_property_arson_sexual_orientation,hate_public_property_arson_gender,hate_public_property_arson_gender_identity,hate_public_property_arson_disability,hate_public_property_arson_ethnicity_national_origin,hate_public_property_arson_ethnicity,hate_public_property_arson_national_origin,hate_public_property_simple_assault,hate_public_property_simple_assault_race,hate_public_property_simple_assault_religion,hate_public_property_simple_assault_sexual_orientation,hate_public_property_simple_assault_gender,hate_public_property_simple_assault_gender_identity,hate_public_property_simple_assault_disability,hate_public_property_simple_assault_ethnicity_national_origin,hate_public_property_simple_assault_ethnicity,hate_public_property_simple_assault_national_origin,hate_public_property_larceny_theft,hate_public_property_larceny_theft_race,hate_public_property_larceny_theft_religion,hate_public_property_larceny_theft_sexual_orientation,hate_public_property_larceny_theft_gender,hate_public_property_larceny_theft_gender_identity,hate_public_property_larceny_theft_disability,hate_public_property_larceny_theft_ethnicity_national_origin,hate_public_property_larceny_theft_ethnicity,hate_public_property_larceny_theft_national_origin,hate_public_property_intimidation,hate_public_property_intimidation_race,hate_public_property_intimidation_religion,hate_public_property_intimidation_sexual_orientation,hate_public_property_intimidation_gender,hate_public_property_intimidation_gender_identity,hate_public_property_intimidation_disability,hate_public_property_intimidation_ethnicity_national_origin,hate_public_property_intimidation_ethnicity,hate_public_property_intimidation_national_origin,hate_public_property_destruction_damage_vandalism_of_property,hate_public_property_destruction_damage_vandalism_of_property_race,hate_public_property_destruction_damage_vandalism_of_property_religion,hate_public_property_destruction_damage_vandalism_of_property_sexual_orientation,hate_public_property_destruction_damage_vandalism_of_property_gender,hate_public_property_destruction_damage_vandalism_of_property_gender_identity,hate_public_property_destruction_damage_vandalism_of_property_disability,hate_public_property_destruction_damage_vandalism_of_property_ethnicity_national_origin,hate_public_property_destruction_damage_vandalism_of_property_ethnicity,hate_public_property_destruction_damage_vandalism_of_property_national_origin,hate_public_property_sex_offenses_total,hate_public_property_sex_offenses_total_race,hate_public_property_sex_offenses_total_religion,hate_public_property_sex_offenses_total_sexual_orientation,hate_public_property_sex_offenses_total_gender,hate_public_property_sex_offenses_forcible_gender_identity,hate_public_property_sex_offenses_non_forcible_gender_identity,hate_public_property_sex_offenses_total_gender_identity,hate_public_property_sex_offenses_total_disability,hate_public_property_rape_ethnicity_national_origin,hate_public_property_fondling_ethnicity_national_origin,hate_public_property_incest_ethnicity_national_origin,hate_public_property_statutory_rape_ethnicity_national_origin,hate_public_property_sex_offenses_total_ethnicity_national_origin,hate_public_property_sex_offenses_forcible_ethnicity,hate_public_property_sex_offenses_non_forcible_ethnicity,hate_public_property_sex_offenses_total_ethnicity,hate_public_property_sex_offenses_forcible_national_origin,hate_public_property_sex_offenses_non_forcible_national_origin,hate_public_property_sex_offenses_total_national_origin,hate_public_property_total,hate_public_property_total_race,hate_public_property_total_religion,hate_public_property_total_sexual_orientation,hate_public_property_total_gender,hate_public_property_total_gender_identity,hate_public_property_total_disability,hate_public_property_total_ethnicity_national_origin,hate_public_property_total_ethnicity,hate_public_property_total_national_origin,vawa_public_property_domestic_violence,vawa_public_property_dating_violence,vawa_public_property_stalking,vawa_public_property_total,crimes_total_murder_non_negligent_manslaughter,crimes_total_negligent_manslaughter,crimes_total_sex_offenses_forcible,crimes_total_rape,crimes_total_fondling,crimes_total_sex_offenses_non_forcible,crimes_total_incest,crimes_total_statutory_rape,crimes_total_robbery,crimes_total_aggravated_assault,crimes_total_burglary,crimes_total_motor_vehicle_theft,crimes_total_arson,crimes_total_sex_offenses_total,crimes_total_total,arrests_total_illegal_weapons_possession,arrests_total_drug_law_violations,arrests_total_liquor_law_violations,arrests_total_total,discipline_total_illegal_weapons_possession,discipline_total_drug_law_violations,discipline_total_liquor_law_violations,discipline_total_total,hate_total_murder_non_negligent_manslaughter,hate_total_murder_non_negligent_manslaughter_race,hate_total_murder_non_negligent_manslaughter_religion,hate_total_murder_non_negligent_manslaughter_sexual_orientation,hate_total_murder_non_negligent_manslaughter_gender,hate_total_murder_non_negligent_manslaughter_gender_identity,hate_total_murder_non_negligent_manslaughter_disability,hate_total_murder_non_negligent_manslaughter_ethnicity_national_origin,hate_total_murder_non_negligent_manslaughter_ethnicity,hate_total_murder_non_negligent_manslaughter_national_origin,hate_total_sex_offenses_forcible,hate_total_sex_offenses_forcible_race,hate_total_sex_offenses_forcible_religion,hate_total_sex_offenses_forcible_sexual_orientation,hate_total_sex_offenses_forcible_gender,hate_total_sex_offenses_forcible_disability,hate_total_sex_offenses_forcible_ethnicity_national_origin,hate_total_sex_offenses_non_forcible,hate_total_sex_offenses_non_forcible_race,hate_total_sex_offenses_non_forcible_religion,hate_total_sex_offenses_non_forcible_sexual_orientation,hate_total_sex_offenses_non_forcible_gender,hate_total_sex_offenses_non_forcible_disability,hate_total_sex_offenses_non_forcible_ethnicity_national_origin,hate_total_rape,hate_total_rape_race,hate_total_rape_religion,hate_total_rape_sexual_orientation,hate_total_rape_gender,hate_total_rape_gender_identity,hate_total_rape_disability,hate_total_rape_ethnicity,hate_total_rape_national_origin,hate_total_fondling,hate_total_fondling_race,hate_total_fondling_religion,hate_total_fondling_sexual_orientation,hate_total_fondling_gender,hate_total_fondling_gender_identity,hate_total_fondling_disability,hate_total_fondling_ethnicity,hate_total_fondling_national_origin,hate_total_incest,hate_total_incest_race,hate_total_incest_religion,hate_total_incest_sexual_orientation,hate_total_incest_gender,hate_total_incest_gender_identity,hate_total_incest_disability,hate_total_incest_ethnicity,hate_total_incest_national_origin,hate_total_statutory_rape,hate_total_statutory_rape_race,hate_total_statutory_rape_religion,hate_total_statutory_rape_sexual_orientation,hate_total_statutory_rape_gender,hate_total_statutory_rape_gender_identity,hate_total_statutory_rape_disability,hate_total_statutory_rape_ethnicity,hate_total_statutory_rape_national_origin,hate_total_robbery,hate_total_robbery_race,hate_total_robbery_religion,hate_total_robbery_sexual_orientation,hate_total_robbery_gender,hate_total_robbery_gender_identity,hate_total_robbery_disability,hate_total_robbery_ethnicity_national_origin,hate_total_robbery_ethnicity,hate_total_robbery_national_origin,hate_total_aggravated_assault,hate_total_aggravated_assault_race,hate_total_aggravated_assault_religion,hate_total_aggravated_assault_sexual_orientation,hate_total_aggravated_assault_gender,hate_total_aggravated_assault_gender_identity,hate_total_aggravated_assault_disability,hate_total_aggravated_assault_ethnicity_national_origin,hate_total_aggravated_assault_ethnicity,hate_total_aggravated_assault_national_origin,hate_total_burglary,hate_total_burglary_race,hate_total_burglary_religion,hate_total_burglary_sexual_orientation,hate_total_burglary_gender,hate_total_burglary_gender_identity,hate_total_burglary_disability,hate_total_burglary_ethnicity_national_origin,hate_total_burglary_ethnicity,hate_total_burglary_national_origin,hate_total_motor_vehicle_theft,hate_total_motor_vehicle_theft_race,hate_total_motor_vehicle_theft_religion,hate_total_motor_vehicle_theft_sexual_orientation,hate_total_motor_vehicle_theft_gender,hate_total_motor_vehicle_theft_gender_identity,hate_total_motor_vehicle_theft_disability,hate_total_motor_vehicle_theft_ethnicity_national_origin,hate_total_motor_vehicle_theft_ethnicity,hate_total_motor_vehicle_theft_national_origin,hate_total_arson,hate_total_arson_race,hate_total_arson_religion,hate_total_arson_sexual_orientation,hate_total_arson_gender,hate_total_arson_gender_identity,hate_total_arson_disability,hate_total_arson_ethnicity_national_origin,hate_total_arson_ethnicity,hate_total_arson_national_origin,hate_total_simple_assault,hate_total_simple_assault_race,hate_total_simple_assault_religion,hate_total_simple_assault_sexual_orientation,hate_total_simple_assault_gender,hate_total_simple_assault_gender_identity,hate_total_simple_assault_disability,hate_total_simple_assault_ethnicity_national_origin,hate_total_simple_assault_ethnicity,hate_total_simple_assault_national_origin,hate_total_larceny_theft,hate_total_larceny_theft_race,hate_total_larceny_theft_religion,hate_total_larceny_theft_sexual_orientation,hate_total_larceny_theft_gender,hate_total_larceny_theft_gender_identity,hate_total_larceny_theft_disability,hate_total_larceny_theft_ethnicity_national_origin,hate_total_larceny_theft_ethnicity,hate_total_larceny_theft_national_origin,hate_total_intimidation,hate_total_intimidation_race,hate_total_intimidation_religion,hate_total_intimidation_sexual_orientation,hate_total_intimidation_gender,hate_total_intimidation_gender_identity,hate_total_intimidation_disability,hate_total_intimidation_ethnicity_national_origin,hate_total_intimidation_ethnicity,hate_total_intimidation_national_origin,hate_total_destruction_damage_vandalism_of_property,hate_total_destruction_damage_vandalism_of_property_race,hate_total_destruction_damage_vandalism_of_property_religion,hate_total_destruction_damage_vandalism_of_property_sexual_orientation,hate_total_destruction_damage_vandalism_of_property_gender,hate_total_destruction_damage_vandalism_of_property_gender_identity,hate_total_destruction_damage_vandalism_of_property_disability,hate_total_destruction_damage_vandalism_of_property_ethnicity_national_origin,hate_total_destruction_damage_vandalism_of_property_ethnicity,hate_total_destruction_damage_vandalism_of_property_national_origin,hate_total_sex_offenses_total,hate_total_sex_offenses_total_race,hate_total_sex_offenses_total_religion,hate_total_sex_offenses_total_sexual_orientation,hate_total_sex_offenses_total_gender,hate_total_sex_offenses_forcible_gender_identity,hate_total_sex_offenses_non_forcible_gender_identity,hate_total_sex_offenses_total_gender_identity,hate_total_sex_offenses_total_disability,hate_total_rape_ethnicity_national_origin,hate_total_fondling_ethnicity_national_origin,hate_total_incest_ethnicity_national_origin,hate_total_statutory_rape_ethnicity_national_origin,hate_total_sex_offenses_total_ethnicity_national_origin,hate_total_sex_offenses_forcible_ethnicity,hate_total_sex_offenses_non_forcible_ethnicity,hate_total_sex_offenses_total_ethnicity,hate_total_sex_offenses_forcible_national_origin,hate_total_sex_offenses_non_forcible_national_origin,hate_total_sex_offenses_total_national_origin,hate_total_total,hate_total_total_race,hate_total_total_religion,hate_total_total_sexual_orientation,hate_total_total_gender,hate_total_total_gender_identity,hate_total_total_disability,hate_total_total_ethnicity_national_origin,hate_total_total_ethnicity,hate_total_total_national_origin,vawa_total_domestic_violence,vawa_total_dating_violence,vawa_total_stalking,vawa_total_total
Texas Lutheran University,2017,228981,1394,0,0,0,0,0,0,0,0,0,0,0,0,0,0,0,0,0,0,0,0,0,1,1,0,0,0,0,0,0,0,,0,0,0,0,0,0,0,0,0,0,0,0,0,0,0,0,0,0,0,0,0,0,0,0,0,0,0,0,0,0,0,0,0,0,0,0,0,0,0,0,0,0,0,0,0,0,0,0,0,0,0,0,0,0,0,0,0,0,0,,0,0,0,0,0,0,0,0,0,,0,0,0,0,0,0,0,0,0,,0,0,0,0,0,0,0,0,0,,0,0,0,0,0,0,0,0,0,,0,0,0,0,0,0,0,0,0,,0,0,0,0,0,0,0,0,0,,0,0,0,0,0,0,0,0,0,,0,0,0,0,0,0,0,0,0,,0,0,0,0,0,0,0,0,0,0,0,0,0,0,0,0,0,0,0,0,0,0,0,0,0,0,0,0,0,,0,0,0,0,0,0,0,0,0,0,0,0,0,0,0,0,2,0,0,0,0,0,0,0,0,0,0,0,0,2,0,0,0,0,2,2,0,0,0,0,0,0,0,0,0,13,45,0,6,45,58,51,0,0,0,0,0,0,0,,0,0,0,0,0,0,0,0,0,0,0,0,0,0,0,0,0,0,0,0,0,0,0,0,0,0,0,0,0,0,0,0,0,0,0,0,0,0,0,0,0,0,0,0,0,0,0,0,0,0,0,0,0,0,0,0,0,0,0,,0,0,0,0,0,0,0,0,0,,0,0,0,0,0,0,0,0,0,,0,0,0,0,0,0,0,0,0,,0,0,0,0,0,0,0,0,0,,0,0,0,0,0,0,0,0,0,,0,0,0,0,0,0,0,0,0,,0,0,0,0,0,0,0,0,0,,0,0,0,0,0,0,0,0,0,,0,0,0,0,0,0,0,0,0,,0,0,0,0,0,0,0,0,0,0,0,0,0,0,0,0,0,0,0,0,0,0,0,0,0,0,0,0,0,0,0,0,0,0,0,0,0,0,0,0,0,0,0,0,0,0,0,0,0,0,0,0,0,0,0,0,0,0,0,,0,0,0,0,0,0,0,0,0,,0,0,0,0,0,0,0,0,0,,0,0,0,0,0,0,0,0,0,,0,0,0,0,0,0,0,0,0,,0,0,0,0,0,0,0,0,0,,0,0,0,0,0,0,0,0,0,,0,0,0,0,0,0,0,0,0,,0,0,0,0,0,0,0,0,0,,0,0,0,0,0,0,0,0,0,0,0,0,0,0,0,0,0,0,0,0,0,0,0,0,0,0,0,0,0,0,0,0,0,0,0,0,0,0,0,0,0,0,0,0,0,0,0,0,0,0,0,0,0,0,0,0,,,0,0,0,0,1,0,1,0,0,1,2,1,0,0,0,0,0,0,0,0,0,0,0,0,0,0,0,0,1,0,1,0,0,0,0,0,0,0,0,0,0,0,,0,0,0,0,0,0,0,0,0,0,0,0,0,0,0,0,0,0,0,0,0,0,0,0,0,0,0,0,0,0,0,0,0,0,0,0,0,0,0,0,0,0,0,0,0,0,0,0,0,0,0,0,0,0,0,0,0,0,0,,0,0,0,0,0,0,0,0,0,,0,0,0,0,0,0,0,0,0,,0,0,0,0,0,0,0,0,0,,0,0,0,0,0,0,0,0,0,,0,0,0,0,0,0,0,0,0,,0,0,0,0,0,0,0,0,0,,0,0,0,0,0,0,0,0,0,,0,0,0,0,0,0,0,0,0,,0,0,0,0,0,0,0,0,0,0,0,0,0,0,0,0,0,0,0,0,0,0,0,0,0,0,0,0,0,,0,0,0,0,0,0,0,0,0,0,0,0,0,0,0,0,2,0,0,0,2,0,1,0,1,0,13,46,59,0,0,0,0,0,0,0,,0,0,0,0,0,0,0,0,0,0,0,0,0,0,0,0,0,0,0,0,0,0,0,0,0,0,0,0,0,0,0,0,0,0,0,0,0,0,0,0,0,0,0,0,0,0,0,0,0,0,0,0,0,0,0,0,0,0,0,,0,0,0,0,0,0,0,0,0,,0,0,0,0,0,0,0,0,0,,0,0,0,0,0,0,0,0,0,,0,0,0,0,0,0,0,0,0,,0,0,0,0,0,0,0,0,0,,0,0,0,0,0,0,0,0,0,,0,0,0,0,0,0,0,0,0,,0,0,0,0,0,0,0,0,0,,0,0,0,0,0,0,0,0,0,0,0,0,0,0,0,0,0,0,0,0,0,0,0,0,0,0,0,0,0,,0,0,1,0,1,2
Texas Lutheran University,2016,228981,1295,0,0,0,0,0,0,0,0,0,0,0,0,0,0,0,0,0,0,0,0,0,6,6,0,0,0,0,0,0,0,,0,0,0,0,0,0,0,0,0,0,0,0,0,0,0,0,0,0,0,0,0,0,0,0,0,0,0,0,0,0,0,0,0,0,0,0,0,0,0,0,0,0,0,0,0,0,0,0,0,0,0,0,0,0,0,0,0,0,0,,0,0,0,0,0,0,0,0,0,,0,0,0,0,0,0,0,0,0,,0,0,0,0,0,0,0,0,0,,0,0,0,0,0,0,0,0,0,,0,0,0,0,0,0,0,0,0,,0,0,0,0,0,0,0,0,0,,0,0,0,0,0,0,0,0,0,,0,0,0,0,0,0,0,0,0,,0,0,0,0,0,0,0,0,0,0,0,0,0,0,0,0,0,0,0,0,0,0,0,0,0,0,0,0,0,,0,0,0,0,0,0,0,0,3,1,2,0,0,0,0,1,0,0,0,0,0,3,1,2,0,0,0,0,0,0,0,0,3,3,4,3,0,0,0,0,0,0,0,0,0,13,34,0,13,34,47,47,0,0,0,0,0,0,0,,0,0,0,0,0,0,0,0,0,0,0,0,0,0,0,0,0,0,0,0,0,0,0,0,0,0,0,0,0,0,0,0,0,0,0,0,0,0,0,0,0,0,0,0,0,0,0,0,0,0,0,0,0,0,0,0,0,0,0,,0,0,0,0,0,0,0,0,0,,0,0,0,0,0,0,0,0,0,,0,0,0,0,0,0,0,0,0,,0,0,0,0,0,0,0,0,0,,0,0,0,0,0,0,0,0,0,,0,0,0,0,0,0,0,0,0,,0,0,0,0,0,0,0,0,0,,0,0,0,0,0,0,0,0,0,,0,0,0,0,0,0,0,0,0,,0,0,0,0,0,0,0,0,0,0,0,0,0,0,0,0,0,0,0,0,0,0,0,0,0,0,0,0,0,0,0,0,0,0,0,0,0,0,0,0,0,0,0,0,0,0,0,0,0,0,0,0,0,0,0,0,0,0,0,,0,0,0,0,0,0,0,0,0,,0,0,0,0,0,0,0,0,0,,0,0,0,0,0,0,0,0,0,,0,0,0,0,0,0,0,0,0,,0,0,0,0,0,0,0,0,0,,0,0,0,0,0,0,0,0,0,,0,0,0,0,0,0,0,0,0,,0,0,0,0,0,0,0,0,0,,0,0,0,0,0,0,0,0,0,0,0,0,0,0,0,0,0,0,0,0,0,0,0,0,0,0,0,0,0,0,0,0,0,0,0,0,0,0,0,0,0,0,0,0,0,0,0,0,0,0,0,0,0,0,0,0,,,0,0,0,0,1,1,2,1,1,0,4,2,0,0,0,0,0,0,0,0,0,0,0,0,0,0,0,0,0,0,0,0,0,6,6,0,0,0,0,0,0,0,,0,0,0,0,0,0,0,0,0,0,0,0,0,0,0,0,0,0,0,0,0,0,0,0,0,0,0,0,0,0,0,0,0,0,0,0,0,0,0,0,0,0,0,0,0,0,0,0,0,0,0,0,0,0,0,0,0,0,0,,0,0,0,0,0,0,0,0,0,,0,0,0,0,0,0,0,0,0,,0,0,0,0,0,0,0,0,0,,0,0,0,0,0,0,0,0,0,,0,0,0,0,0,0,0,0,0,,0,0,0,0,0,0,0,0,0,,0,0,0,0,0,0,0,0,0,,0,0,0,0,0,0,0,0,0,,0,0,0,0,0,0,0,0,0,0,0,0,0,0,0,0,0,0,0,0,0,0,0,0,0,0,0,0,0,,0,0,0,0,0,0,0,0,3,1,2,0,0,0,0,1,0,0,0,3,4,0,0,0,0,0,13,46,59,0,0,0,0,0,0,0,,0,0,0,0,0,0,0,0,0,0,0,0,0,0,0,0,0,0,0,0,0,0,0,0,0,0,0,0,0,0,0,0,0,0,0,0,0,0,0,0,0,0,0,0,0,0,0,0,0,0,0,0,0,0,0,0,0,0,0,,0,0,0,0,0,0,0,0,0,,0,0,0,0,0,0,0,0,0,,0,0,0,0,0,0,0,0,0,,0,0,0,0,0,0,0,0,0,,0,0,0,0,0,0,0,0,0,,0,0,0,0,0,0,0,0,0,,0,0,0,0,0,0,0,0,0,,0,0,0,0,0,0,0,0,0,,0,0,0,0,0,0,0,0,0,0,0,0,0,0,0,0,0,0,0,0,0,0,0,0,0,0,0,0,0,,0,0,1,1,2,4
Texas Lutheran University,2015,228981,1373,0,0,0,0,0,0,0,0,0,0,0,0,0,0,0,0,0,0,0,0,0,0,0,0,0,0,0,0,0,0,,0,0,0,0,0,0,0,0,0,0,0,0,0,0,0,0,0,0,0,0,0,0,0,0,0,0,0,0,0,0,0,0,0,0,0,0,0,0,0,0,0,0,0,0,0,0,0,0,0,0,0,0,0,0,0,0,0,0,0,,0,0,0,0,0,0,0,0,0,,0,0,0,0,0,0,0,0,0,,0,0,0,0,0,0,0,0,0,,0,0,0,0,0,0,0,0,0,,0,0,0,0,0,0,0,0,0,,0,0,0,0,0,0,0,0,0,,0,0,0,0,0,0,0,0,0,,0,0,0,0,0,0,0,0,0,,0,0,0,0,0,0,0,0,0,0,0,0,0,0,0,0,0,0,0,0,0,0,0,0,0,0,0,0,0,,0,0,0,0,0,0,0,0,1,1,0,0,0,0,0,3,0,0,0,0,0,1,1,0,0,0,0,0,2,0,0,0,1,1,4,3,0,0,1,0,0,0,1,0,0,14,44,0,14,44,58,58,0,0,0,0,0,0,0,,0,0,0,0,0,0,0,0,0,0,0,0,0,0,0,0,0,0,0,0,0,0,0,0,0,0,0,0,0,0,0,0,0,0,0,0,0,0,0,0,0,0,0,0,0,0,0,0,0,0,0,0,0,0,0,0,0,0,0,,0,0,0,0,0,0,0,0,0,,0,0,0,0,0,0,0,0,0,,0,0,0,0,0,0,0,0,0,,0,0,0,0,0,0,0,0,0,,0,0,0,0,0,0,0,0,0,,0,0,0,0,0,0,0,0,0,,0,0,0,0,0,0,0,0,0,,0,0,0,0,0,0,0,0,0,,0,0,0,0,0,0,0,0,0,,0,0,0,0,0,0,0,0,0,0,0,0,0,0,0,0,0,0,0,0,0,0,0,0,0,0,0,0,0,0,0,0,0,0,0,0,0,0,0,0,0,0,0,0,0,0,0,0,0,0,0,0,0,0,0,0,0,0,0,,0,0,0,0,0,0,0,0,0,,0,0,0,0,0,0,0,0,0,,0,0,0,0,0,0,0,0,0,,0,0,0,0,0,0,0,0,0,,0,0,0,0,0,0,0,0,0,,0,0,0,0,0,0,0,0,0,,0,0,0,0,0,0,0,0,0,,0,0,0,0,0,0,0,0,0,,0,0,0,0,0,0,0,0,0,0,0,0,0,0,0,0,0,0,0,0,0,0,0,0,0,0,0,0,0,0,0,0,0,0,0,0,0,0,0,0,0,0,0,0,0,0,0,0,0,0,0,0,0,0,0,0,,,0,0,0,0,2,1,0,2,0,0,3,2,0,0,0,0,0,0,0,0,0,0,0,0,0,0,0,0,0,0,0,0,0,0,0,0,0,0,0,0,0,0,,0,0,0,0,0,0,0,0,0,0,0,0,0,0,0,0,0,0,0,0,0,0,0,0,0,0,0,0,0,0,0,0,0,0,0,0,0,0,0,0,0,0,0,0,0,0,0,0,0,0,0,0,0,0,0,0,0,0,0,,0,0,0,0,0,0,0,0,0,,0,0,0,0,0,0,0,0,0,,0,0,0,0,0,0,0,0,0,,0,0,0,0,0,0,0,0,0,,0,0,0,0,0,0,0,0,0,,0,0,0,0,0,0,0,0,0,,0,0,0,0,0,0,0,0,0,,0,0,0,0,0,0,0,0,0,,0,0,0,0,0,0,0,0,0,0,0,0,0,0,0,0,0,0,0,0,0,0,0,0,0,0,0,0,0,,0,0,0,0,0,0,0,0,1,1,0,0,0,0,0,3,0,0,0,1,4,0,0,1,1,0,14,44,58,0,0,0,0,0,0,0,,0,0,0,0,0,0,0,0,0,0,0,0,0,0,0,0,0,0,0,0,0,0,0,0,0,0,0,0,0,0,0,0,0,0,0,0,0,0,0,0,0,0,0,0,0,0,0,0,0,0,0,0,0,0,0,0,0,0,0,,0,0,0,0,0,0,0,0,0,,0,0,0,0,0,0,0,0,0,,0,0,0,0,0,0,0,0,0,,0,0,0,0,0,0,0,0,0,,0,0,0,0,0,0,0,0,0,,0,0,0,0,0,0,0,0,0,,0,0,0,0,0,0,0,0,0,,0,0,0,0,0,0,0,0,0,,0,0,0,0,0,0,0,0,0,0,0,0,0,0,0,0,0,0,0,0,0,0,0,0,0,0,0,0,0,,0,0,2,1,0,3
Texas Lutheran University,2014,228981,1320,,,,,,,,,,,,,,,,,,,,,,,,,,,,,,,,,,,,,,,,,,,,,,,,,,,,,,,,,,,,,,,,,,,,,,,,,,,,,,,,,,,,,,,,,,,,,,,,,,,,,,,,,,,,,,,,,,,,,,,,,,,,,,,,,,,,,,,,,,,,,,,,,,,,,,,,,,,,,,,,,,,,,,,,,,,,,,,,,,,,,,,,,,,,,,,,,,,,,,,,,,,,,,,,0,0,2,2,0,0,0,0,0,2,5,0,0,0,0,2,2,0,0,0,0,0,1,3,0,0,2,2,9,6,0,1,0,0,1,0,1,1,1,9,77,1,7,77,87,85,0,0,0,0,0,0,0,,0,0,0,0,0,0,0,0,0,0,0,0,0,0,0,0,0,0,0,0,0,0,0,0,0,0,0,0,0,0,0,0,0,0,0,0,0,0,0,0,0,0,0,0,0,0,0,0,0,0,0,0,0,0,0,0,0,0,0,,0,0,0,0,0,0,0,0,0,,0,0,0,0,0,0,0,0,0,,0,0,0,0,0,0,0,0,0,,0,0,0,0,0,0,0,0,0,,0,0,0,0,0,0,0,0,0,,0,0,0,0,0,0,0,0,0,,0,0,0,0,0,0,0,0,0,,0,0,0,0,0,0,0,0,0,,0,0,0,0,0,0,0,0,0,,0,0,0,0,0,0,0,0,0,0,0,0,0,0,0,0,0,0,0,0,0,0,0,0,0,0,0,0,0,0,0,0,0,0,0,0,0,0,0,0,0,0,0,0,0,0,0,0,0,0,0,0,0,0,0,0,0,0,0,,0,0,0,0,0,0,0,0,0,,0,0,0,0,0,0,0,0,0,,0,0,0,0,0,0,0,0,0,,0,0,0,0,0,0,0,0,0,,0,0,0,0,0,0,0,0,0,,0,0,0,0,0,0,0,0,0,,0,0,0,0,0,0,0,0,0,,0,0,0,0,0,0,0,0,0,,0,0,0,0,0,0,0,0,0,0,0,0,0,0,0,0,0,0,0,0,0,0,0,0,0,0,0,0,0,0,0,0,0,0,0,0,0,0,0,0,0,0,0,0,0,0,0,0,0,0,0,0,0,0,0,0,,,0,0,0,0,0,5,0,0,4,0,5,4,0,0,0,0,0,0,0,0,0,0,0,0,0,0,0,0,0,0,0,0,0,4,4,0,0,0,0,0,0,0,,0,0,0,0,0,0,0,0,0,0,0,0,0,0,0,0,0,0,0,0,0,0,0,0,0,0,0,0,0,0,0,0,0,0,0,0,0,0,0,0,0,0,0,0,0,0,0,0,0,0,0,0,0,0,0,0,0,0,0,,0,0,0,0,0,0,0,0,0,,0,0,0,0,0,0,0,0,0,,0,0,0,0,0,0,0,0,0,,0,0,0,0,0,0,0,0,0,,0,0,0,0,0,0,0,0,0,,0,0,0,0,0,0,0,0,0,,0,0,0,0,0,0,0,0,0,,0,0,0,0,0,0,0,0,0,,0,0,0,0,0,0,0,0,0,0,0,0,0,0,0,0,0,0,0,0,0,0,0,0,0,0,0,0,0,,0,0,0,0,0,0,,,,,,,,,,,,,,,,,,,,,,,,,,,,,,,,,,,,,,,,,,,,,,,,,,,,,,,,,,,,,,,,,,,,,,,,,,,,,,,,,,,,,,,,,,,,,,,,,,,,,,,,,,,,,,,,,,,,,,,,,,,,,,,,,,,,,,,,,,,,,,,,,,,,,,,,,,,,,,,,,,,,,,,,,,,,,,,,,,,,,,,,,,,,,,,,,,,,,,,,,,,,,,,
Texas Lutheran University,2013,228981,1341,0,0,0,,,0,,,0,0,0,0,0,0,0,0,0,0,0,0,0,0,0,0,0,0,0,0,,0,0,,,0,0,0,0,0,0,0,0,0,0,0,0,0,0,,,,,,,,,,,,,,,,,,,,,,,,,,,,,,,,,,,,,0,0,0,0,0,,0,0,,,0,0,0,0,0,,0,0,,,0,0,0,0,0,,0,0,,,0,0,0,0,0,,0,0,,,0,0,0,0,0,,0,0,,,0,0,0,0,0,,0,0,,,0,0,0,0,0,,0,0,,,0,0,0,0,0,,0,0,,,0,0,0,0,0,,0,0,,,0,0,0,0,0,,,,0,,,,,0,,,,,,,0,0,0,0,0,,0,0,,,,,,,0,0,0,,,0,,,0,1,3,1,0,0,0,0,,,0,,,0,1,2,0,0,0,0,5,3,0,2,2,0,0,1,4,1,1,14,52,1,3,52,67,56,0,0,0,0,0,,0,0,,,0,0,0,0,0,0,0,0,0,0,0,0,0,0,,,,,,,,,,,,,,,,,,,,,,,,,,,,,,,,,,,,,0,0,0,0,0,,0,0,,,0,0,0,0,0,,0,0,,,0,0,0,0,0,,0,0,,,0,0,0,0,0,,0,0,,,0,0,0,0,0,,0,0,,,0,0,0,0,0,,0,0,,,0,0,0,0,0,,0,0,,,0,0,0,0,0,,0,0,,,0,0,0,0,0,,0,0,,,0,0,0,0,0,,0,0,,,0,0,0,0,0,0,0,0,0,0,0,0,0,0,,,,,,,,,,,,,,,,,,,,,,,,,,,,,,,,,,,,,0,0,0,0,0,,0,0,,,0,0,0,0,0,,0,0,,,0,0,0,0,0,,0,0,,,0,0,0,0,0,,0,0,,,0,0,0,0,0,,0,0,,,0,0,0,0,0,,0,0,,,0,0,0,0,0,,0,0,,,0,0,0,0,0,,0,0,,,0,0,0,0,0,,0,0,,,0,0,0,0,0,0,0,0,0,0,,,,,,,0,0,,,,,0,,,,,0,,,,,,,,,,,,,0,0,0,0,0,0,0,0,0,0,,,0,0,0,0,,,,,,,,,,,,,0,0,0,,,0,,,0,0,0,0,0,0,0,0,1,0,1,0,2,0,2,0,0,0,0,0,,0,0,,,0,0,0,0,0,0,0,0,0,0,0,0,0,0,,,,,,,,,,,,,,,,,,,,,,,,,,,,,,,,,,,,,0,0,0,0,0,,0,0,,,0,0,0,0,0,,0,0,,,0,0,0,0,0,,0,0,,,0,0,0,0,0,,0,0,,,0,0,0,0,0,,0,0,,,0,0,0,0,0,,0,0,,,0,0,0,0,0,,0,0,,,0,0,0,0,0,,0,0,,,0,0,0,0,0,,0,0,,,0,0,0,0,0,,,,0,,,,,0,,,,,,,0,0,0,0,0,,0,0,,,,,,,0,0,0,,,0,,,0,1,3,1,0,0,5,0,3,2,5,1,16,52,69,0,0,0,0,0,,0,0,,,0,0,0,0,0,0,0,0,0,0,0,0,0,0,,,,,,,,,,,,,,,,,,,,,,,,,,,,,,,,,,,,,0,0,0,0,0,,0,0,,,0,0,0,0,0,,0,0,,,0,0,0,0,0,,0,0,,,0,0,0,0,0,,0,0,,,0,0,0,0,0,,0,0,,,0,0,0,0,0,,0,0,,,0,0,0,0,0,,0,0,,,0,0,0,0,0,,0,0,,,0,0,0,0,0,,0,0,,,0,0,0,0,0,,,,0,,,,,0,,,,,,,0,0,0,0,0,,0,0,,,,,,
Texas Lutheran University,2012,228981,1315,0,0,0,,,0,,,0,0,0,0,0,0,0,0,0,0,0,0,0,0,0,0,0,0,0,0,,0,0,,,0,0,0,0,0,0,0,0,0,0,0,0,0,0,,,,,,,,,,,,,,,,,,,,,,,,,,,,,,,,,,,,,0,0,0,0,0,,0,0,,,0,0,0,0,0,,0,0,,,0,0,0,0,0,,0,0,,,0,0,0,0,0,,0,0,,,0,0,0,0,0,,0,0,,,0,0,0,0,0,,0,0,,,0,0,0,0,0,,0,0,,,0,0,0,0,0,,0,0,,,0,0,0,0,0,,0,0,,,0,0,0,0,0,,,,0,,,,,0,,,,,,,0,0,0,0,0,,0,0,,,,,,,0,0,0,,,0,,,0,1,2,0,0,0,0,0,,,0,,,0,1,0,0,0,0,0,3,1,0,1,0,0,0,0,1,0,0,10,48,0,1,47,58,48,0,0,0,0,0,,0,0,,,0,0,0,0,0,0,0,0,0,0,0,0,0,0,,,,,,,,,,,,,,,,,,,,,,,,,,,,,,,,,,,,,0,0,0,0,0,,0,0,,,0,0,0,0,0,,0,0,,,0,0,0,0,0,,0,0,,,0,0,0,0,0,,0,0,,,0,0,0,0,0,,0,0,,,0,0,0,0,0,,0,0,,,0,0,0,0,0,,0,0,,,0,0,0,0,0,,0,0,,,0,0,0,0,0,,0,0,,,0,0,0,0,0,,0,0,,,0,0,0,0,0,0,0,0,0,0,0,0,0,0,,,,,,,,,,,,,,,,,,,,,,,,,,,,,,,,,,,,,0,0,0,0,0,,0,0,,,0,0,0,0,0,,0,0,,,0,0,0,0,0,,0,0,,,0,0,0,0,0,,0,0,,,0,0,0,0,0,,0,0,,,0,0,0,0,0,,0,0,,,0,0,0,0,0,,0,0,,,0,0,0,0,0,,0,0,,,0,0,0,0,0,,0,0,,,0,0,0,0,0,0,0,0,0,0,,,,,,,0,0,,,,,0,,,,,0,,,,,,,,,,,,,0,0,0,0,0,0,0,0,0,0,,,0,0,0,0,,,,,,,,,,,,,0,0,0,,,0,,,0,0,0,0,0,0,0,0,2,0,2,0,0,0,0,0,0,0,0,0,,0,0,,,0,0,0,0,0,0,0,0,0,0,0,0,0,0,,,,,,,,,,,,,,,,,,,,,,,,,,,,,,,,,,,,,0,0,0,0,0,,0,0,,,0,0,0,0,0,,0,0,,,0,0,0,0,0,,0,0,,,0,0,0,0,0,,0,0,,,0,0,0,0,0,,0,0,,,0,0,0,0,0,,0,0,,,0,0,0,0,0,,0,0,,,0,0,0,0,0,,0,0,,,0,0,0,0,0,,0,0,,,0,0,0,0,0,,,,0,,,,,0,,,,,,,0,0,0,0,0,,0,0,,,,,,,0,0,0,,,0,,,0,1,2,0,0,0,3,0,3,0,3,0,10,48,58,0,0,0,0,0,,0,0,,,0,0,0,0,0,0,0,0,0,0,0,0,0,0,,,,,,,,,,,,,,,,,,,,,,,,,,,,,,,,,,,,,0,0,0,0,0,,0,0,,,0,0,0,0,0,,0,0,,,0,0,0,0,0,,0,0,,,0,0,0,0,0,,0,0,,,0,0,0,0,0,,0,0,,,0,0,0,0,0,,0,0,,,0,0,0,0,0,,0,0,,,0,0,0,0,0,,0,0,,,0,0,0,0,0,,0,0,,,0,0,0,0,0,,,,0,,,,,0,,,,,,,0,0,0,0,0,,0,0,,,,,,
Texas Lutheran University,2011,228981,1415,0,0,0,,,0,,,0,0,0,0,0,0,0,0,0,0,0,0,0,0,0,0,0,0,0,0,,0,0,,,0,0,0,0,0,0,0,0,0,0,0,0,0,0,,,,,,,,,,,,,,,,,,,,,,,,,,,,,,,,,,,,,0,0,0,0,0,,0,0,,,0,0,0,0,0,,0,0,,,0,0,0,0,0,,0,0,,,0,0,0,0,0,,0,0,,,0,0,0,0,0,,0,0,,,0,0,0,0,0,,0,0,,,0,0,0,0,0,,0,0,,,0,0,0,0,0,,0,0,,,0,0,0,0,0,,0,0,,,0,0,0,0,0,,,,0,,,,,0,,,,,,,0,0,0,0,0,,0,0,,,,,,,0,0,0,,,0,,,0,0,2,0,0,0,0,0,,,0,,,0,0,2,0,0,0,0,2,2,0,1,0,0,1,0,1,1,1,11,52,1,4,49,64,54,0,0,0,0,0,,0,0,,,0,0,0,0,0,0,0,0,0,0,0,0,0,0,,,,,,,,,,,,,,,,,,,,,,,,,,,,,,,,,,,,,0,0,0,0,0,,0,0,,,0,0,0,0,0,,0,0,,,0,0,0,0,0,,0,0,,,0,0,0,0,0,,0,0,,,0,0,0,0,0,,0,0,,,0,0,0,0,0,,0,0,,,0,0,0,0,0,,0,0,,,0,0,0,0,0,,0,0,,,0,0,0,0,0,,0,0,,,0,0,0,0,0,,0,0,,,0,0,0,0,0,0,0,0,0,0,0,0,0,0,,,,,,,,,,,,,,,,,,,,,,,,,,,,,,,,,,,,,0,0,0,0,0,,0,0,,,0,0,0,0,0,,0,0,,,0,0,0,0,0,,0,0,,,0,0,0,0,0,,0,0,,,0,0,0,0,0,,0,0,,,0,0,0,0,0,,0,0,,,0,0,0,0,0,,0,0,,,0,0,0,0,0,,0,0,,,0,0,0,0,0,,0,0,,,0,0,0,0,0,0,0,0,0,0,,,,,,,0,0,,,,,0,,,,,0,,,,,,,,,,,,,0,0,0,0,0,0,0,0,0,0,,,0,0,0,0,,,,,,,,,,,,,0,0,0,,,0,,,0,0,0,0,0,0,0,0,1,0,1,0,0,0,0,0,0,0,0,0,,0,0,,,0,0,0,0,0,0,0,0,0,0,0,0,0,0,,,,,,,,,,,,,,,,,,,,,,,,,,,,,,,,,,,,,0,0,0,0,0,,0,0,,,0,0,0,0,0,,0,0,,,0,0,0,0,0,,0,0,,,0,0,0,0,0,,0,0,,,0,0,0,0,0,,0,0,,,0,0,0,0,0,,0,0,,,0,0,0,0,0,,0,0,,,0,0,0,0,0,,0,0,,,0,0,0,0,0,,0,0,,,0,0,0,0,0,,,,0,,,,,0,,,,,,,0,0,0,0,0,,0,0,,,,,,,0,0,0,,,0,,,0,0,2,0,0,0,2,0,2,0,2,1,11,52,64,0,0,0,0,0,,0,0,,,0,0,0,0,0,0,0,0,0,0,0,0,0,0,,,,,,,,,,,,,,,,,,,,,,,,,,,,,,,,,,,,,0,0,0,0,0,,0,0,,,0,0,0,0,0,,0,0,,,0,0,0,0,0,,0,0,,,0,0,0,0,0,,0,0,,,0,0,0,0,0,,0,0,,,0,0,0,0,0,,0,0,,,0,0,0,0,0,,0,0,,,0,0,0,0,0,,0,0,,,0,0,0,0,0,,0,0,,,0,0,0,0,0,,,,0,,,,,0,,,,,,,0,0,0,0,0,,0,0,,,,,,
Texas Lutheran University,2010,228981,1340,0,0,0,,,0,,,0,0,0,0,0,0,0,0,0,0,0,0,0,0,0,0,0,0,0,0,,0,0,,,0,0,0,0,0,0,0,0,0,0,0,0,0,0,,,,,,,,,,,,,,,,,,,,,,,,,,,,,,,,,,,,,0,0,0,0,0,,0,0,,,0,0,0,0,0,,0,0,,,0,0,0,0,0,,0,0,,,0,0,0,0,0,,0,0,,,0,0,0,0,0,,0,0,,,0,0,0,0,0,,0,0,,,0,0,0,0,0,,0,0,,,0,0,0,0,0,,0,0,,,0,0,0,0,0,,0,0,,,0,0,0,0,0,,,,0,,,,,0,,,,,,,0,0,0,0,0,,0,0,,,,,,,0,0,0,,,0,,,0,1,3,0,0,0,0,0,,,0,,,0,0,2,0,0,0,0,4,2,2,4,2,1,2,1,8,4,1,15,91,1,9,91,107,101,0,0,0,0,0,,0,0,,,0,0,0,0,0,0,0,0,0,0,0,0,0,0,,,,,,,,,,,,,,,,,,,,,,,,,,,,,,,,,,,,,0,0,0,0,0,,0,0,,,0,0,0,0,0,,0,0,,,0,0,0,0,0,,0,0,,,0,0,0,0,0,,0,0,,,0,0,0,0,0,,0,0,,,0,0,0,0,0,,0,0,,,0,0,0,0,0,,0,0,,,0,0,0,0,0,,0,0,,,0,0,0,0,0,,0,0,,,0,0,0,0,0,,0,0,,,0,0,0,0,0,0,0,0,0,0,0,0,0,0,,,,,,,,,,,,,,,,,,,,,,,,,,,,,,,,,,,,,0,0,0,0,0,,0,0,,,0,0,0,0,0,,0,0,,,0,0,0,0,0,,0,0,,,0,0,0,0,0,,0,0,,,0,0,0,0,0,,0,0,,,0,0,0,0,0,,0,0,,,0,0,0,0,0,,0,0,,,0,0,0,0,0,,0,0,,,0,0,0,0,0,,0,0,,,0,0,0,0,0,0,0,0,0,0,,,,,,,0,0,,,,,0,,,,,0,,,,,,,,,,,,,0,0,0,0,0,0,0,0,0,0,,,0,0,0,0,,,,,,,,,,,,,0,0,0,,,0,,,0,0,0,0,0,0,0,0,0,0,0,0,0,0,0,0,0,0,0,0,,0,0,,,0,0,0,0,0,0,0,0,0,0,0,0,0,0,,,,,,,,,,,,,,,,,,,,,,,,,,,,,,,,,,,,,0,0,0,0,0,,0,0,,,0,0,0,0,0,,0,0,,,0,0,0,0,0,,0,0,,,0,0,0,0,0,,0,0,,,0,0,0,0,0,,0,0,,,0,0,0,0,0,,0,0,,,0,0,0,0,0,,0,0,,,0,0,0,0,0,,0,0,,,0,0,0,0,0,,0,0,,,0,0,0,0,0,,,,0,,,,,0,,,,,,,0,0,0,0,0,,0,0,,,,,,,0,0,0,,,0,,,0,1,3,0,0,0,4,2,4,2,8,1,15,91,107,0,0,0,0,0,,0,0,,,0,0,0,0,0,0,0,0,0,0,0,0,0,0,,,,,,,,,,,,,,,,,,,,,,,,,,,,,,,,,,,,,0,0,0,0,0,,0,0,,,0,0,0,0,0,,0,0,,,0,0,0,0,0,,0,0,,,0,0,0,0,0,,0,0,,,0,0,0,0,0,,0,0,,,0,0,0,0,0,,0,0,,,0,0,0,0,0,,0,0,,,0,0,0,0,0,,0,0,,,0,0,0,0,0,,0,0,,,0,0,0,0,0,,,,0,,,,,0,,,,,,,0,0,0,0,0,,0,0,,,,,,
Texas Lutheran University,2009,228981,1387,0,0,0,,,0,,,0,0,0,0,0,0,0,0,0,0,0,0,2,0,2,0,0,0,0,0,,0,0,,,0,0,0,0,0,0,0,0,0,0,0,0,0,0,,,,,,,,,,,,,,,,,,,,,,,,,,,,,,,,,,,,,0,0,0,0,0,,0,0,,,0,0,0,0,0,,0,0,,,0,0,0,0,0,,0,0,,,0,0,0,0,0,,0,0,,,0,0,0,0,0,,0,0,,,0,0,0,0,0,,0,0,,,0,0,0,0,0,,0,0,,,0,0,0,0,0,,0,0,,,0,0,0,0,0,,0,0,,,0,0,0,0,0,,,,0,,,,,0,,,,,,,0,0,0,0,0,,0,0,,,,,,,0,0,0,,,0,,,0,0,10,0,0,0,0,0,,,0,,,0,0,10,0,0,0,0,10,10,0,3,0,0,3,0,3,3,1,17,67,1,17,67,85,85,0,0,0,0,0,,0,0,,,0,0,0,0,0,0,0,0,0,0,0,0,0,0,,,,,,,,,,,,,,,,,,,,,,,,,,,,,,,,,,,,,0,0,0,0,0,,0,0,,,0,0,0,0,0,,0,0,,,0,0,0,0,0,,0,0,,,0,0,0,0,0,,0,0,,,0,0,0,0,0,,0,0,,,0,0,0,0,0,,0,0,,,0,0,0,0,0,,0,0,,,0,0,0,0,0,,0,0,,,0,0,0,0,0,,0,0,,,0,0,0,0,0,,0,0,,,0,0,0,0,0,0,0,0,0,0,0,0,0,0,,,,,,,,,,,,,,,,,,,,,,,,,,,,,,,,,,,,,0,0,0,0,0,,0,0,,,0,0,0,0,0,,0,0,,,0,0,0,0,0,,0,0,,,0,0,0,0,0,,0,0,,,0,0,0,0,0,,0,0,,,0,0,0,0,0,,0,0,,,0,0,0,0,0,,0,0,,,0,0,0,0,0,,0,0,,,0,0,0,0,0,,0,0,,,0,0,0,0,0,0,0,0,0,0,,,,,,,0,0,,,,,0,,,,,0,,,,,,,,,,,,,0,0,0,0,0,0,0,0,0,0,,,0,0,0,0,,,,,,,,,,,,,0,0,0,,,0,,,0,0,0,0,0,0,0,0,0,0,0,0,2,0,2,0,0,0,0,0,,0,0,,,0,0,0,0,0,0,0,0,0,0,0,0,0,0,,,,,,,,,,,,,,,,,,,,,,,,,,,,,,,,,,,,,0,0,0,0,0,,0,0,,,0,0,0,0,0,,0,0,,,0,0,0,0,0,,0,0,,,0,0,0,0,0,,0,0,,,0,0,0,0,0,,0,0,,,0,0,0,0,0,,0,0,,,0,0,0,0,0,,0,0,,,0,0,0,0,0,,0,0,,,0,0,0,0,0,,0,0,,,0,0,0,0,0,,,,0,,,,,0,,,,,,,0,0,0,0,0,,0,0,,,,,,,0,0,0,,,0,,,0,0,10,0,0,0,10,0,3,0,3,1,21,67,89,0,0,0,0,0,,0,0,,,0,0,0,0,0,0,0,0,0,0,0,0,0,0,,,,,,,,,,,,,,,,,,,,,,,,,,,,,,,,,,,,,0,0,0,0,0,,0,0,,,0,0,0,0,0,,0,0,,,0,0,0,0,0,,0,0,,,0,0,0,0,0,,0,0,,,0,0,0,0,0,,0,0,,,0,0,0,0,0,,0,0,,,0,0,0,0,0,,0,0,,,0,0,0,0,0,,0,0,,,0,0,0,0,0,,0,0,,,0,0,0,0,0,,,,0,,,,,0,,,,,,,0,0,0,0,0,,0,0,,,,,,
Texas Lutheran University,2008,228981,1432,0,0,0,,,0,,,0,0,0,0,0,0,0,0,1,0,1,0,4,2,6,0,,,,,,,,,,0,,,,,,,0,,,,,,,,,,,,,,,,,,,,,,,,,,,,,,,,,,,,,,,,,,,0,,,,,,,,,,0,,,,,,,,,,0,,,,,,,,,,0,,,,,,,,,,0,,,,,,,,,,0,,,,,,,,,,,,,,,,,,,,,,,,,,,,,,,,,,,,,,,,0,,,,,,,,,,,,,,,,,,,,,,,,,,,,,,,,,,0,0,0,,,0,,,0,0,7,0,0,0,0,0,,,0,,,0,0,7,0,0,0,0,7,7,0,2,4,0,1,2,6,3,0,12,81,0,11,81,93,92,0,,,,,,,,,,0,,,,,,,0,,,,,,,,,,,,,,,,,,,,,,,,,,,,,,,,,,,,,,,,,,,0,,,,,,,,,,0,,,,,,,,,,0,,,,,,,,,,0,,,,,,,,,,0,,,,,,,,,,0,,,,,,,,,,,,,,,,,,,,,,,,,,,,,,,,,,,,,,,,0,,,,,,,,,,0,,,,,,,0,,,,,,,,,,,,,,,,,,,,,,,,,,,,,,,,,,,,,,,,,,,0,,,,,,,,,,0,,,,,,,,,,0,,,,,,,,,,0,,,,,,,,,,0,,,,,,,,,,0,,,,,,,,,,,,,,,,,,,,,,,,,,,,,,,,,,,,,,,,0,0,,,,,,,,,,,,,,,,,,,,,,,,,,,,,,,,,,,,,,,,,,,,,,,,,,,,,,,,,,,,,,,,,,,0,0,0,,,0,,,0,0,0,0,0,0,0,0,0,0,0,0,2,4,6,0,,,,,,,,,,0,,,,,,,0,,,,,,,,,,,,,,,,,,,,,,,,,,,,,,,,,,,,,,,,,,,0,,,,,,,,,,0,,,,,,,,,,0,,,,,,,,,,0,,,,,,,,,,0,,,,,,,,,,0,,,,,,,,,,,,,,,,,,,,,,,,,,,,,,,,,,,,,,,,0,,,,,,,,,,,,,,,,,,,,,,,,,,,,,,,,,,0,0,0,,,0,,,0,0,7,0,0,0,7,0,3,4,7,0,18,87,105,0,,,,,,,,,,0,,,,,,,0,,,,,,,,,,,,,,,,,,,,,,,,,,,,,,,,,,,,,,,,,,,0,,,,,,,,,,0,,,,,,,,,,0,,,,,,,,,,0,,,,,,,,,,0,,,,,,,,,,0,,,,,,,,,,,,,,,,,,,,,,,,,,,,,,,,,,,,,,,,0,,,,,,,,,,,,,,,,,,,,,,,,,,,,,,,,,
Texas Lutheran University,2007,228981,1375,0,0,0,,,0,,,0,0,0,0,0,0,0,0,0,0,0,0,0,0,0,0,,,,,,,,,,0,,,,,,,0,,,,,,,,,,,,,,,,,,,,,,,,,,,,,,,,,,,,,,,,,,,0,,,,,,,,,,0,,,,,,,,,,0,,,,,,,,,,0,,,,,,,,,,0,,,,,,,,,,0,,,,,,,,,,,,,,,,,,,,,,,,,,,,,,,,,,,,,,,,0,,,,,,,,,,,,,,,,,,,,,,,,,,,,,,,,,,0,0,0,,,0,,,0,0,4,0,0,0,0,0,,,0,,,0,0,4,0,0,0,0,4,4,0,3,2,0,2,0,5,2,0,0,79,,,,79,,0,,,,,,,,,,0,,,,,,,0,,,,,,,,,,,,,,,,,,,,,,,,,,,,,,,,,,,,,,,,,,,0,,,,,,,,,,0,,,,,,,,,,0,,,,,,,,,,0,,,,,,,,,,0,,,,,,,,,,0,,,,,,,,,,,,,,,,,,,,,,,,,,,,,,,,,,,,,,,,0,,,,,,,,,,0,,,,,,,0,,,,,,,,,,,,,,,,,,,,,,,,,,,,,,,,,,,,,,,,,,,0,,,,,,,,,,0,,,,,,,,,,0,,,,,,,,,,0,,,,,,,,,,0,,,,,,,,,,0,,,,,,,,,,,,,,,,,,,,,,,,,,,,,,,,,,,,,,,,0,0,,,,,,,,,,,,,,,,,,,,,,,,,,,,,,,,,,,,,,,,,,,,,,,,,,,,,,,,,,,,,,,,,,,0,0,0,,,0,,,0,0,0,0,0,0,0,0,1,1,2,0,0,0,0,0,,,,,,,,,,0,,,,,,,0,,,,,,,,,,,,,,,,,,,,,,,,,,,,,,,,,,,,,,,,,,,0,,,,,,,,,,0,,,,,,,,,,0,,,,,,,,,,0,,,,,,,,,,0,,,,,,,,,,0,,,,,,,,,,,,,,,,,,,,,,,,,,,,,,,,,,,,,,,,0,,,,,,,,,,,,,,,,,,,,,,,,,,,,,,,,,,0,0,0,,,0,,,0,0,4,0,0,0,4,0,4,3,7,0,0,79,79,0,,,,,,,,,,0,,,,,,,0,,,,,,,,,,,,,,,,,,,,,,,,,,,,,,,,,,,,,,,,,,,0,,,,,,,,,,0,,,,,,,,,,0,,,,,,,,,,0,,,,,,,,,,0,,,,,,,,,,0,,,,,,,,,,,,,,,,,,,,,,,,,,,,,,,,,,,,,,,,0,,,,,,,,,,,,,,,,,,,,,,,,,,,,,,,,,
Texas Lutheran University,2006,228981,1429,0,0,0,,,0,,,0,0,0,0,0,0,0,0,0,0,0,0,0,0,0,0,,,,,,,,,,0,,,,,,,0,,,,,,,,,,,,,,,,,,,,,,,,,,,,,,,,,,,,,,,,,,,0,,,,,,,,,,0,,,,,,,,,,0,,,,,,,,,,0,,,,,,,,,,0,,,,,,,,,,0,,,,,,,,,,,,,,,,,,,,,,,,,,,,,,,,,,,,,,,,0,,,,,,,,,,,,,,,,,,,,,,,,,,,,,,,,,,0,0,1,,,0,,,0,0,11,0,0,0,0,1,,,0,,,0,0,4,0,0,1,1,12,5,0,3,13,0,1,0,16,1,0,2,54,,,,56,,0,,,,,,,,,,0,,,,,,,0,,,,,,,,,,,,,,,,,,,,,,,,,,,,,,,,,,,,,,,,,,,0,,,,,,,,,,0,,,,,,,,,,0,,,,,,,,,,0,,,,,,,,,,0,,,,,,,,,,0,,,,,,,,,,,,,,,,,,,,,,,,,,,,,,,,,,,,,,,,0,,,,,,,,,,0,,,,,,,0,,,,,,,,,,,,,,,,,,,,,,,,,,,,,,,,,,,,,,,,,,,0,,,,,,,,,,0,,,,,,,,,,0,,,,,,,,,,0,,,,,,,,,,0,,,,,,,,,,0,,,,,,,,,,,,,,,,,,,,,,,,,,,,,,,,,,,,,,,,0,0,,,,,,,,,,,,,,,,,,,,,,,,,,,,,,,,,,,,,,,,,,,,,,,,,,,,,,,,,,,,,,,,,,,0,0,0,,,0,,,0,0,0,0,0,0,0,0,0,0,0,0,0,0,0,0,,,,,,,,,,0,,,,,,,0,,,,,,,,,,,,,,,,,,,,,,,,,,,,,,,,,,,,,,,,,,,0,,,,,,,,,,0,,,,,,,,,,0,,,,,,,,,,0,,,,,,,,,,0,,,,,,,,,,0,,,,,,,,,,,,,,,,,,,,,,,,,,,,,,,,,,,,,,,,0,,,,,,,,,,,,,,,,,,,,,,,,,,,,,,,,,,0,0,1,,,0,,,0,0,11,0,0,1,12,0,3,13,16,0,2,54,56,0,,,,,,,,,,0,,,,,,,0,,,,,,,,,,,,,,,,,,,,,,,,,,,,,,,,,,,,,,,,,,,0,,,,,,,,,,0,,,,,,,,,,0,,,,,,,,,,0,,,,,,,,,,0,,,,,,,,,,0,,,,,,,,,,,,,,,,,,,,,,,,,,,,,,,,,,,,,,,,0,,,,,,,,,,,,,,,,,,,,,,,,,,,,,,,,,
Texas Lutheran University,2005,228981,1435,,,,,,,,,,,,,,,,,,,,,,,,,,,,,,,,,,,,,,,,,,,,,,,,,,,,,,,,,,,,,,,,,,,,,,,,,,,,,,,,,,,,,,,,,,,,,,,,,,,,,,,,,,,,,,,,,,,,,,,,,,,,,,,,,,,,,,,,,,,,,,,,,,,,,,,,,,,,,,,,,,,,,,,,,,,,,,,,,,,,,,,,,,,,,,,,,,,,,,,,,,,,,,,,0,0,2,,,0,,,0,0,7,0,0,0,0,2,,,0,,,0,0,7,0,0,2,2,9,9,1,5,21,0,1,0,27,1,1,5,81,,,,87,,0,,,,,,,,,,0,,,,,,,0,,,,,,,,,,,,,,,,,,,,,,,,,,,,,,,,,,,,,,,,,,,0,,,,,,,,,,0,,,,,,,,,,0,,,,,,,,,,0,,,,,,,,,,0,,,,,,,,,,0,,,,,,,,,,,,,,,,,,,,,,,,,,,,,,,,,,,,,,,,0,,,,,,,,,,0,,,,,,,0,,,,,,,,,,,,,,,,,,,,,,,,,,,,,,,,,,,,,,,,,,,0,,,,,,,,,,0,,,,,,,,,,0,,,,,,,,,,0,,,,,,,,,,0,,,,,,,,,,0,,,,,,,,,,,,,,,,,,,,,,,,,,,,,,,,,,,,,,,,0,0,,,,,,,,,,,,,,,,,,,,,,,,,,,,,,,,,,,,,,,,,,,,,,,,,,,,,,,,,,,,,,,,,,,0,0,0,,,0,,,0,0,0,0,0,0,0,0,0,0,0,0,0,0,0,0,,,,,,,,,,0,,,,,,,0,,,,,,,,,,,,,,,,,,,,,,,,,,,,,,,,,,,,,,,,,,,0,,,,,,,,,,0,,,,,,,,,,0,,,,,,,,,,0,,,,,,,,,,0,,,,,,,,,,0,,,,,,,,,,,,,,,,,,,,,,,,,,,,,,,,,,,,,,,,0,,,,,,,,,,,,,,,,,,,,,,,,,,,,,,,,,,,,,,,,,,,,,,,,,,,,,,,,,,,,,,,,,,,,,,,,,,,,,,,,,,,,,,,,,,,,,,,,,,,,,,,,,,,,,,,,,,,,,,,,,,,,,,,,,,,,,,,,,,,,,,,,,,,,,,,,,,,,,,,,,,,,,,,,,,,,,,,,,,,,,,,,,,,,,,,,,,,,,,,,,,,,,,,,,,,,,,,,,,,,,,,,,,,,,,,,,,,,,,,,
Texas Lutheran University,2004,228981,1414,,,,,,,,,,,,,,,,,,,,,,,,,,,,,,,,,,,,,,,,,,,,,,,,,,,,,,,,,,,,,,,,,,,,,,,,,,,,,,,,,,,,,,,,,,,,,,,,,,,,,,,,,,,,,,,,,,,,,,,,,,,,,,,,,,,,,,,,,,,,,,,,,,,,,,,,,,,,,,,,,,,,,,,,,,,,,,,,,,,,,,,,,,,,,,,,,,,,,,,,,,,,,,,,0,0,2,,,0,,,0,0,15,0,0,0,0,2,,,0,,,0,0,15,0,0,2,2,17,17,1,7,22,0,0,0,30,0,0,5,117,,,,122,,0,,,,,,,,,,0,,,,,,,0,,,,,,,,,,,,,,,,,,,,,,,,,,,,,,,,,,,,,,,,,,,0,,,,,,,,,,0,,,,,,,,,,0,,,,,,,,,,0,,,,,,,,,,0,,,,,,,,,,0,,,,,,,,,,,,,,,,,,,,,,,,,,,,,,,,,,,,,,,,0,,,,,,,,,,0,,,,,,,0,,,,,,,,,,,,,,,,,,,,,,,,,,,,,,,,,,,,,,,,,,,0,,,,,,,,,,0,,,,,,,,,,0,,,,,,,,,,0,,,,,,,,,,0,,,,,,,,,,0,,,,,,,,,,,,,,,,,,,,,,,,,,,,,,,,,,,,,,,,0,0,,,,,,,,,,,,,,,,,,,,,,,,,,,,,,,,,,,,,,,,,,,,,,,,,,,,,,,,,,,,,,,,,,,0,0,0,,,0,,,0,0,0,0,0,0,0,0,0,0,0,0,0,0,0,0,,,,,,,,,,0,,,,,,,0,,,,,,,,,,,,,,,,,,,,,,,,,,,,,,,,,,,,,,,,,,,0,,,,,,,,,,0,,,,,,,,,,0,,,,,,,,,,0,,,,,,,,,,0,,,,,,,,,,0,,,,,,,,,,,,,,,,,,,,,,,,,,,,,,,,,,,,,,,,0,,,,,,,,,,,,,,,,,,,,,,,,,,,,,,,,,,,,,,,,,,,,,,,,,,,,,,,,,,,,,,,,,,,,,,,,,,,,,,,,,,,,,,,,,,,,,,,,,,,,,,,,,,,,,,,,,,,,,,,,,,,,,,,,,,,,,,,,,,,,,,,,,,,,,,,,,,,,,,,,,,,,,,,,,,,,,,,,,,,,,,,,,,,,,,,,,,,,,,,,,,,,,,,,,,,,,,,,,,,,,,,,,,,,,,,,,,,,,,,,
Texas Lutheran University,2003,228981,1413,0,0,0,,,0,,,0,0,0,0,0,0,0,0,0,0,0,0,0,0,0,0,,,,,,,,,,0,,,,,,,0,,,,,,,,,,,,,,,,,,,,,,,,,,,,,,,,,,,,,,,,,,,0,,,,,,,,,,0,,,,,,,,,,0,,,,,,,,,,0,,,,,,,,,,0,,,,,,,,,,0,,,,,,,,,,,,,,,,,,,,,,,,,,,,,,,,,,,,,,,,0,,,,,,,,,,,,,,,,,,,,,,,,,,,,,,,,,,0,0,0,,,0,,,0,1,6,1,0,0,0,0,,,0,,,0,0,6,0,0,0,0,8,6,0,4,20,0,0,0,24,0,0,5,124,,,,129,,0,,,,,,,,,,0,,,,,,,0,,,,,,,,,,,,,,,,,,,,,,,,,,,,,,,,,,,,,,,,,,,0,,,,,,,,,,0,,,,,,,,,,0,,,,,,,,,,0,,,,,,,,,,0,,,,,,,,,,0,,,,,,,,,,,,,,,,,,,,,,,,,,,,,,,,,,,,,,,,0,,,,,,,,,,0,,,,,,,0,,,,,,,,,,,,,,,,,,,,,,,,,,,,,,,,,,,,,,,,,,,0,,,,,,,,,,0,,,,,,,,,,0,,,,,,,,,,0,,,,,,,,,,0,,,,,,,,,,0,,,,,,,,,,,,,,,,,,,,,,,,,,,,,,,,,,,,,,,,0,0,,,,,,,,,,,,,,,,,,,,,,,,,,,,,,,,,,,,,,,,,,,,,,,,,,,,,,,,,,,,,,,,,,,0,0,0,,,0,,,0,0,0,0,0,0,0,0,0,0,0,0,0,0,0,0,,,,,,,,,,0,,,,,,,0,,,,,,,,,,,,,,,,,,,,,,,,,,,,,,,,,,,,,,,,,,,0,,,,,,,,,,0,,,,,,,,,,0,,,,,,,,,,0,,,,,,,,,,0,,,,,,,,,,0,,,,,,,,,,,,,,,,,,,,,,,,,,,,,,,,,,,,,,,,0,,,,,,,,,,,,,,,,,,,,,,,,,,,,,,,,,,0,0,0,,,0,,,0,1,6,1,0,0,8,0,4,20,24,0,5,124,129,0,,,,,,,,,,0,,,,,,,0,,,,,,,,,,,,,,,,,,,,,,,,,,,,,,,,,,,,,,,,,,,0,,,,,,,,,,0,,,,,,,,,,0,,,,,,,,,,0,,,,,,,,,,0,,,,,,,,,,0,,,,,,,,,,,,,,,,,,,,,,,,,,,,,,,,,,,,,,,,0,,,,,,,,,,,,,,,,,,,,,,,,,,,,,,,,,
Texas Lutheran University,2002,228981,1368,0,0,0,,,0,,,0,0,0,0,0,0,0,0,0,0,0,0,0,0,0,0,,,,,,,,,,0,,,,,,,0,,,,,,,,,,,,,,,,,,,,,,,,,,,,,,,,,,,,,,,,,,,0,,,,,,,,,,0,,,,,,,,,,0,,,,,,,,,,0,,,,,,,,,,0,,,,,,,,,,0,,,,,,,,,,,,,,,,,,,,,,,,,,,,,,,,,,,,,,,,0,,,,,,,,,,,,,,,,,,,,,,,,,,,,,,,,,,0,0,1,,,0,,,0,2,12,3,0,0,0,1,,,0,,,0,0,10,0,0,1,1,18,11,0,3,21,0,0,0,24,0,0,0,37,,,,37,,0,,,,,,,,,,0,,,,,,,0,,,,,,,,,,,,,,,,,,,,,,,,,,,,,,,,,,,,,,,,,,,0,,,,,,,,,,0,,,,,,,,,,0,,,,,,,,,,0,,,,,,,,,,0,,,,,,,,,,0,,,,,,,,,,,,,,,,,,,,,,,,,,,,,,,,,,,,,,,,0,,,,,,,,,,0,,,,,,,0,,,,,,,,,,,,,,,,,,,,,,,,,,,,,,,,,,,,,,,,,,,0,,,,,,,,,,0,,,,,,,,,,0,,,,,,,,,,0,,,,,,,,,,0,,,,,,,,,,0,,,,,,,,,,,,,,,,,,,,,,,,,,,,,,,,,,,,,,,,0,0,,,,,,,,,,,,,,,,,,,,,,,,,,,,,,,,,,,,,,,,,,,,,,,,,,,,,,,,,,,,,,,,,,,0,0,0,,,0,,,0,0,0,0,0,0,0,0,0,0,0,0,0,0,0,0,,,,,,,,,,0,,,,,,,0,,,,,,,,,,,,,,,,,,,,,,,,,,,,,,,,,,,,,,,,,,,0,,,,,,,,,,0,,,,,,,,,,0,,,,,,,,,,0,,,,,,,,,,0,,,,,,,,,,0,,,,,,,,,,,,,,,,,,,,,,,,,,,,,,,,,,,,,,,,0,,,,,,,,,,,,,,,,,,,,,,,,,,,,,,,,,,0,0,1,,,0,,,0,2,12,3,0,1,18,0,3,21,24,0,0,37,37,0,,,,,,,,,,0,,,,,,,0,,,,,,,,,,,,,,,,,,,,,,,,,,,,,,,,,,,,,,,,,,,0,,,,,,,,,,0,,,,,,,,,,0,,,,,,,,,,0,,,,,,,,,,0,,,,,,,,,,0,,,,,,,,,,,,,,,,,,,,,,,,,,,,,,,,,,,,,,,,0,,,,,,,,,,,,,,,,,,,,,,,,,,,,,,,,,
Texas Lutheran University,2001,228981,1473,0,0,0,,,0,,,0,0,0,0,0,0,0,0,0,0,0,0,0,0,0,0,,,,,,,,,,0,,,,,,,,,,,,,,,,,,,,,,,,,,,,,,,,,,,,,,,,,,,,,,,,,,,,,,,,,,,,0,,,,,,,,,,,,,,,,,,,,,,,,,,,,,,0,,,,,,,,,,,,,,,,,,,,,,,,,,,,,,,,,,,,,,,,,,,,,,,,,,,,,,,,,,,,,,,,,,,,,,,,,,,,,,,,,,,,0,0,2,,,1,,,0,2,4,1,0,0,0,2,,,1,,,0,1,4,0,0,3,3,10,8,0,0,0,0,0,0,0,0,0,6,32,,,,38,,0,,,,,,,,,,0,,,,,,,,,,,,,,,,,,,,,,,,,,,,,,,,,,,,,,,,,,,,,,,,,,,,,,,,,,,,0,,,,,,,,,,,,,,,,,,,,,,,,,,,,,,0,,,,,,,,,,,,,,,,,,,,,,,,,,,,,,,,,,,,,,,,,,,,,,,,,,0,,,,,,,,,,0,,,,,,,,,,,,,,,,,,,,,,,,,,,,,,,,,,,,,,,,,,,,,,,,,,,,,,,,,,,,0,,,,,,,,,,,,,,,,,,,,,,,,,,,,,,0,,,,,,,,,,,,,,,,,,,,,,,,,,,,,,,,,,,,,,,,,,,,,,,,,,,,,,,,,,,,,,,,,,,,,,,,,,,,,,,,,,,,,,,,,,,,,,,,,,,,,,,,,,,,,,,,,,,,,,0,0,0,,,0,,,0,0,0,0,0,0,0,0,0,0,0,0,0,0,0,0,,,,,,,,,,0,,,,,,,,,,,,,,,,,,,,,,,,,,,,,,,,,,,,,,,,,,,,,,,,,,,,,,,,,,,,0,,,,,,,,,,,,,,,,,,,,,,,,,,,,,,0,,,,,,,,,,,,,,,,,,,,,,,,,,,,,,,,,,,,,,,,,,,,,,,,,,,,,,,,,,,,,,,,,,,,,,,,,,,,,,,,,,,,0,0,2,,,1,,,0,2,4,1,0,3,10,0,0,0,0,0,6,32,38,0,,,,,,,,,,0,,,,,,,,,,,,,,,,,,,,,,,,,,,,,,,,,,,,,,,,,,,,,,,,,,,,,,,,,,,,0,,,,,,,,,,,,,,,,,,,,,,,,,,,,,,0,,,,,,,,,,,,,,,,,,,,,,,,,,,,,,,,,,,,,,,,,,,,,,,,,,,,,,,,,,,,,,,,,,,,,,,,,,,,,,,,,,,
